1.0 0.1365630030632019 0.5838869661092758 0.04187500476837158 0.5614619553089142
9.0 0.359375 0.5465120077133179 0.23250001668930054 0.232558012008667
0.0 0.3478130102157593 0.37998300790786743 0.24812501668930054 0.09883701801300049
4.0 0.7828130125999451 0.4065609872341156 0.18812501430511475 0.11711001396179199
3.0 0.880312979221344 0.6183549761772156 0.03562498092651367 0.21013295650482178
8.0 0.7778130173683167 0.6283220052719116 0.1656249761581421 0.28820598125457764
5.0 0.5871869921684265 0.7699339985847473 0.19812500476837158 0.066444993019104
2.0 0.3412500023841858 0.7794849872589111 0.21125000715255737 0.05730903148651123
6.0 0.5731250047683716 0.5460960268974304 0.24000000953674316 0.382889986038208
7.0 0.042187999933958054 0.5622919797897339 0.08312500268220901 0.14119601249694824
