0.0 0.36130716557927034 0.44204929991416897 0.2662673959508687 0.13691497534512215
1.0 0.21206078857111865 0.6881707240795585 0.11351912650626753 0.5754671198165565
2.0 0.410119101124246 0.8456291961560507 0.22393987578877467 0.10342558483488995
3.0 0.9498867251625575 0.5633954435665117 0.059676390702128046 0.21515128733883077
4.0 0.816694980157004 0.37411445549787686 0.1914909095324785 0.1428083443727084
5.0 0.6513810297807503 0.7777812300855442 0.21042959427516517 0.09614068967887868
6.0 0.6173794305665905 0.5685021276155846 0.28895314775404285 0.41244069746686285
7.0 0.05325273075601036 0.674083152235521 0.09213294142036897 0.15799803642036392
8.0 0.8384521247033878 0.5839260595410452 0.19885419632861667 0.3040880064876795
9.0 0.38474305652151664 0.6096487225575673 0.2685154938363276 0.27788310720780357
