0.0 0.3701064697602748 0.4267295535292652 0.2479301730627066 0.1101392626358666
1.0 0.1476657927494896 0.6500375602171526 0.056862358913369576 0.5516465508889133
2.0 0.371017464787382 0.8389899833680933 0.21267987448148784 0.07259946900058578
3.0 0.9171976816899005 0.6513967709407434 0.04822532850932926 0.22554855893012982
4.0 0.818893889715224 0.4437916484837351 0.20343880737445585 0.12551731576824882
5.0 0.6152095632389505 0.8193112808117692 0.21347667833508144 0.07883399112287526
6.0 0.6017162396963834 0.593912727649251 0.2595505580961112 0.38017660845540163
7.0 0.05477080472244585 0.6205465433311156 0.10110325540592781 0.12817526269026436
8.0 0.8148319750181681 0.6597657345925556 0.16244244222207915 0.28732456480895696
9.0 0.37281149601691077 0.592890577059966 0.2420581283075296 0.2596434838888161
