0.0 0.37113145018111854 0.4324636060307522 0.26648198205156126 0.1744111096925866
1.0 0.2092110181720944 0.7065293578565766 0.15864661360983906 0.5869412842868469
2.0 0.44089411910430526 0.848795671121601 0.23107710112980284 0.13353728580672652
3.0 0.9463977298376696 0.5059290665377959 0.07321373722486102 0.2214290141894581
4.0 0.8117089199805276 0.32245036030614704 0.20634404120112237 0.1753976554618027
5.0 0.6823695463437689 0.7440482124633294 0.21526160696403573 0.12857722130954596
6.0 0.6266114492758865 0.5277095381128294 0.3141840147895262 0.452722708347571
7.0 0.07851179202974211 0.7102720526559583 0.127636250283042 0.1720868157185712
8.0 0.8454933339024016 0.5380011289247638 0.21594517698144722 0.32649553832581946
9.0 0.40370760086369234 0.5942024539021332 0.27342387139217983 0.3040660749707223
