0.0 0.3774999976158142 0.4107140004634857 0.27125000953674316 0.09883701801300049
1.0 0.1328119933605194 0.6337209790945053 0.04937499761581421 0.6245849430561066
2.0 0.375 0.8372089862823486 0.23874998092651367 0.07641196250915527
3.0 0.958437979221344 0.6528239846229553 0.03312504291534424 0.2192690372467041
4.0 0.849062979221344 0.4285709857940674 0.19312500953674316 0.11960101127624512
5.0 0.6415629982948303 0.816444993019104 0.21312499046325684 0.06312298774719238
6.0 0.6284369975328445 0.5892860293388367 0.2631250321865082 0.39119601249694824
7.0 0.038437001407146454 0.5909469723701477 0.07562500238418579 0.14202702045440674
8.0 0.8456249833106995 0.6507480144500732 0.16499996185302734 0.2865450382232666
9.0 0.38718798756599426 0.5859630107879639 0.24187499284744263 0.23837196826934814
