0.0 0.35105037545273127 0.31789667821882556 0.24957894415318735 0.14123258447905995
1.0 0.17146080040918749 0.4952513730355528 0.0821236556541495 0.5055466218423526
2.0 0.33425137849543785 0.6760055314543982 0.2084152960979892 0.0849756705243131
3.0 0.8248032192804016 0.5643551660219194 0.05416613502117795 0.21422330748720975
4.0 0.7460067507309467 0.3618497652170709 0.1735156246963402 0.13575745336127598
5.0 0.5618556107822898 0.6965251527352083 0.19398875450007458 0.09534081737113298
6.0 0.5584786969988622 0.48820128947907737 0.24409311090367214 0.36868086831356806
7.0 0.07052071039858097 0.46442069084454585 0.11522938970359506 0.13836033647175516
8.0 0.7368709680027752 0.5699696018244178 0.1553334555740633 0.25150524699445376
9.0 0.35391378506560384 0.47042194800531284 0.2303080492860338 0.23377044779415523
