1.0 0.20906299352645874 0.5070600062608719 0.04437500238418579 0.5307310521602631
7.0 0.10687500052154064 0.47840501368045807 0.09999999776482582 0.1362130343914032
9.0 0.4206250011920929 0.4547340124845505 0.20999997854232788 0.2184390127658844
0.0 0.4059379994869232 0.29402000457048416 0.2306249737739563 0.09800700843334198
2.0 0.41218701004981995 0.674003005027771 0.20437496900558472 0.06063103675842285
5.0 0.6424999833106995 0.6532390117645264 0.19749999046325684 0.06561493873596191
6.0 0.6296870112419128 0.44808998703956604 0.22062504291534424 0.3546510338783264
4.0 0.8278120160102844 0.2998340055346489 0.1731250286102295 0.10631199181079865
3.0 0.9212499856948853 0.501245990395546 0.0387500524520874 0.19518300890922546
8.0 0.8128129839897156 0.49709299206733704 0.1706249713897705 0.25996702909469604
