0.0 0.34282605627717483 0.39827277295186003 0.29416137608009885 0.17181688763692093
1.0 0.16495696487964467 0.6655991221842417 0.1041772431541059 0.6679952151804284
2.0 0.3728947513485278 0.845685065436953 0.255874462705103 0.1163218561109517
3.0 0.9395783534133562 0.5716305407796914 0.058426541607772386 0.22776839865161042
4.0 0.8180689822278869 0.3624265639309876 0.20517236461689103 0.16312273864715265
5.0 0.6447844182001279 0.792552890563649 0.23032640286924277 0.11367417244438416
6.0 0.6101022947373728 0.5494724855828238 0.27677860040482116 0.43971999723757
7.0 0.03784694439381762 0.6582576972030686 0.06542282757833383 0.15326428560554084
8.0 0.8293023065920918 0.5973837829626291 0.20436239334706174 0.3232050657822951
9.0 0.37189679570631107 0.5868026585405466 0.27784121382487675 0.2827348002963951
