0.0 0.37337613873426556 0.42152897238353815 0.27552579614597095 0.12215221072202725
1.0 0.1401621995728361 0.6652826431333558 0.07994450032942019 0.6275356564266936
2.0 0.3918276006072015 0.8473314728037846 0.24199371464241237 0.0969561907009594
3.0 0.9649660909174078 0.6127371421057477 0.04382321452942417 0.22167452653288378
4.0 0.8448107153933125 0.3984485221594082 0.19858712999845007 0.13609603564850353
5.0 0.6568025034736198 0.8034923417705966 0.21577070677751553 0.08147305507804825
6.0 0.6325481998337683 0.5779561328780318 0.281776550446766 0.4131831861296492
7.0 0.04388769318474988 0.6307851175976185 0.08243903201657372 0.14828327965158128
8.0 0.8522916637857442 0.6204500380527103 0.17872104383945864 0.30024480001813936
9.0 0.3916503468911676 0.5955640870060132 0.25306628450427565 0.25884192458043415
