0.0 0.41218699514865875 0.42109599709510803 0.27562496066093445 0.10631197690963745
1.0 0.2109380066394806 0.634551003575325 0.03812500834465027 0.6029900014400482
2.0 0.39625000953674316 0.8517439961433411 0.23374998569488525 0.06229197978973389
3.0 0.9746879935264587 0.6989200115203857 0.03437495231628418 0.218438982963562
4.0 0.8818749785423279 0.4709300249814987 0.18375003337860107 0.12956801056861877
5.0 0.6640620231628418 0.8612959980964661 0.21437501907348633 0.08139503002166748
6.0 0.653124988079071 0.6179399937391281 0.26999998092651367 0.4102989733219147
7.0 0.06718699634075165 0.5822259783744812 0.1081250011920929 0.13122904300689697
8.0 0.869687020778656 0.700996994972229 0.16062498092651367 0.2823920249938965
9.0 0.4143750071525574 0.5967610031366348 0.23374998569488525 0.23006603121757507
