0.0 0.35362344436551874 0.3829924230230054 0.2558715251006124 0.17348853275953263
1.0 0.2013564967461711 0.6295258518730814 0.12525889465956835 0.4411558134715674
2.0 0.423115606808005 0.7708203685599462 0.22153866951044604 0.1260199424388645
3.0 0.8866295210525722 0.44156783557517154 0.07730241104312818 0.2065843755639029
4.0 0.7679671092666952 0.2786004991812643 0.19104379930766946 0.16354153019217393
5.0 0.6503915184696533 0.6767927807680134 0.21127212640336435 0.13265691221710163
6.0 0.5992374031403851 0.4675979794339339 0.2841004046249437 0.41625817968776313
7.0 0.08775458186179684 0.6570995142600657 0.1043598021381886 0.14360051637903049
8.0 0.7931339768542707 0.48623510306933326 0.20885303481732997 0.30704299884719594
9.0 0.39378428408493604 0.5329115161821403 0.2513999728887782 0.2855374703992969
