1.0 0.19750000536441803 0.5867940336465836 0.04749998450279236 0.5888700187206268
7.0 0.07874999940395355 0.5427740216255188 0.125 0.1652820110321045
0.0 0.4206250011920929 0.3845509886741638 0.24375003576278687 0.09136199951171875
9.0 0.4300000071525574 0.5473420023918152 0.24625003337860107 0.22092998027801514
2.0 0.40937501192092896 0.7894520163536072 0.2174999713897705 0.06063103675842285
3.0 0.9659379720687866 0.6183549761772156 0.04812502861022949 0.21013295650482178
8.0 0.8665630221366882 0.6341360360383987 0.18437504768371582 0.27657803893089294
5.0 0.6643750071525574 0.7732560038566589 0.20749998092651367 0.066444993019104
6.0 0.6484379768371582 0.5510800033807755 0.25562500953674316 0.3712620437145233
4.0 0.8537499904632568 0.40697699785232544 0.18250000476837158 0.11295700073242188
