0.0 0.3996869921684265 0.2595509886741638 0.24437499046325684 0.10548198223114014
1.0 0.1912499964237213 0.46968401968479156 0.041249990463256836 0.5556480586528778
2.0 0.39375001192092896 0.6619600057601929 0.21375000476837158 0.06478404998779297
3.0 0.9237499833106995 0.4975079894065857 0.04875004291534424 0.20431900024414062
4.0 0.8274999856948853 0.29152798652648926 0.19124996662139893 0.12126201391220093
5.0 0.6356250047683716 0.6461790204048157 0.20249998569488525 0.06312298774719238
6.0 0.6290619969367981 0.4285709857940674 0.23062503337860107 0.3621259927749634
7.0 0.08406199887394905 0.4273259937763214 0.1081249937415123 0.14534896612167358
8.0 0.8299999833106995 0.5029069781303406 0.1637500524520874 0.2715950012207031
9.0 0.4059379994869232 0.4215119928121567 0.24062496423721313 0.22674396634101868
