0.0 0.3812499940395355 0.41029900312423706 0.2524999976158142 0.1029900312423706
1.0 0.17531299591064453 0.6158639937639236 0.03812500834465027 0.5656150281429291
2.0 0.37156298756599426 0.7998340129852295 0.21312499046325684 0.06146204471588135
3.0 0.9128130078315735 0.6308140158653259 0.03312504291534424 0.19850504398345947
4.0 0.807187020778656 0.44019898772239685 0.18312501907348633 0.10797297954559326
5.0 0.6181250214576721 0.7940199971199036 0.19875001907348633 0.06810605525970459
6.0 0.6053130030632019 0.5776579827070236 0.24437499046325684 0.3646179735660553
7.0 0.05312500335276127 0.5826410055160522 0.10500000044703484 0.13039898872375488
8.0 0.8087499737739563 0.6499170064926147 0.15874993801116943 0.2666109800338745
9.0 0.3828119933605194 0.5780730247497559 0.21812498569488525 0.22591400146484375
