1.0 0.1578119993209839 0.5170270055532455 0.03562501072883606 0.5639529526233673
0.0 0.3868750035762787 0.31602999567985535 0.24375003576278687 0.09551501274108887
2.0 0.3799999952316284 0.7138699889183044 0.20625001192092896 0.058969974517822266
3.0 0.9015629887580872 0.5498340129852295 0.02937495708465576 0.19103002548217773
4.0 0.8118749856948853 0.3513289988040924 0.18000006675720215 0.11129599809646606
5.0 0.6212499737739563 0.6980900168418884 0.19124996662139893 0.06063103675842285
6.0 0.6053130030632019 0.4817279726266861 0.23937499523162842 0.3671099841594696
7.0 0.06218700297176838 0.4858800023794174 0.10187500342726707 0.1511630117893219
8.0 0.8025000095367432 0.565199002623558 0.16750001907348633 0.25498297810554504
9.0 0.3956249952316284 0.48214301466941833 0.23000001907348633 0.22009998559951782
