1.0 0.19218799471855164 0.5926079750061035 0.04937499761581421 0.6054819822311401
7.0 0.055000001564621925 0.5548170059919357 0.10125000402331352 0.1644519865512848
2.0 0.4000000059604645 0.7936050295829773 0.2212499976158142 0.055647969245910645
3.0 0.9649999737739563 0.6229239702224731 0.039999961853027344 0.2059800624847412
8.0 0.8590620160102844 0.6357970237731934 0.18187499046325684 0.283223032951355
5.0 0.6559370160102844 0.7769929766654968 0.20687496662139893 0.06395304203033447
9.0 0.4099999964237213 0.5427740216255188 0.23624998331069946 0.24003303050994873
0.0 0.4012500047683716 0.3679400086402893 0.27125000953674316 0.10465097427368164
4.0 0.869687020778656 0.4073919951915741 0.19812500476837158 0.12043201923370361
6.0 0.6403120160102844 0.5444350242614746 0.25437498092651367 0.3995020389556885
