1.0 0.18164099752902985 0.5659400075674057 0.0351560115814209 0.5794389545917511
7.0 0.07304699718952179 0.5316720008850098 0.10859400033950806 0.16199398040771484
0.0 0.4035159945487976 0.3660440146923065 0.2539060115814209 0.09864997863769531
4.0 0.8515620231628418 0.41121500730514526 0.18281197547912598 0.11422598361968994
2.0 0.39218801259994507 0.7694699764251709 0.2046869993209839 0.05192101001739502
9.0 0.41367200016975403 0.5342680215835571 0.24140602350234985 0.2191070318222046
5.0 0.6394529938697815 0.7632399797439575 0.200780987739563 0.06853604316711426
3.0 0.9417970180511475 0.616303026676178 0.03359401226043701 0.2004150152206421
8.0 0.8316410183906555 0.629803016781807 0.16328096389770508 0.26895102858543396
6.0 0.6269530057907104 0.5415369868278503 0.24140596389770508 0.37279295921325684
