0.0 0.3834740937341229 0.43893869448625633 0.2608012450920822 0.14923550948312841
1.0 0.1851874475737266 0.6864769204149443 0.08323847784418997 0.5876505523560581
2.0 0.40861180349661363 0.8472361074444344 0.24943225485208576 0.09350696709288742
3.0 0.9653959177966893 0.6015273561307819 0.04750879855573231 0.23033699682942788
4.0 0.8439819432602138 0.3997941197014937 0.21420392697060187 0.1571973155188413
5.0 0.6643557740832704 0.7947510930806425 0.22780868890380246 0.10538101692807822
6.0 0.6404511233494766 0.5791438448748967 0.2834033122276531 0.4003086606372956
7.0 0.07092753109825399 0.6720590437952986 0.12253253839031161 0.1373642611446253
8.0 0.8594611502126293 0.6184598486147691 0.19636851194919658 0.2978479442669128
9.0 0.3976672984214957 0.6019874481532201 0.2772123295313976 0.2702292025230785
