1.0 0.17249999940395355 0.5460960268974304 0.04249998927116394 0.5805649757385254
0.0 0.40812501311302185 0.3363789916038513 0.26249998807907104 0.10631197690963745
2.0 0.39218801259994507 0.7454320192337036 0.21437501907348633 0.05398702621459961
3.0 0.9431250095367432 0.5980070233345032 0.03250002861022949 0.1960129737854004
4.0 0.8628119826316833 0.37998300790786743 0.19312500953674316 0.12043201923370361
5.0 0.6506249904632568 0.7446010112762451 0.20624995231628418 0.07059800624847412
6.0 0.635312020778656 0.5166109800338745 0.25187504291534424 0.3837209939956665
8.0 0.8434370160102844 0.6067280173301697 0.16687500476837158 0.2715950012207031
9.0 0.41718700528144836 0.5066450238227844 0.2381250262260437 0.22425198554992676
7.0 0.06343699805438519 0.5045679807662964 0.08812499418854713 0.1519930362701416
