0.0 0.4519529938697815 0.411734014749527 0.2570309638977051 0.11111098527908325
1.0 0.22890600562095642 0.624611034989357 0.06718701124191284 0.5638630092144012
2.0 0.44335898756980896 0.8141229748725891 0.22421902418136597 0.07061302661895752
3.0 0.981249988079071 0.6510900259017944 0.03750002384185791 0.23468303680419922
4.0 0.8968750238418579 0.4387330114841461 0.20624995231628418 0.12980300188064575
5.0 0.6878910064697266 0.8032190203666687 0.2070310115814209 0.07165098190307617
6.0 0.6832029819488525 0.5799580216407776 0.232030987739563 0.38525402545928955
7.0 0.1121089980006218 0.5960540175437927 0.1210940033197403 0.13084101676940918
8.0 0.878125011920929 0.6510900259017944 0.15625 0.28037405014038086
9.0 0.45273399353027344 0.5794389694929123 0.2539060115814209 0.22429898381233215
