0.0 0.37456195090634425 0.38119686543913844 0.26319729817982496 0.16380113768708598
1.0 0.17971079738613827 0.6399742088739654 0.11250455580350513 0.5594254086965376
2.0 0.42332425358999126 0.7746372702282106 0.21506484625046318 0.10783671219287871
3.0 0.9370800600866793 0.489810935708097 0.061810431651951214 0.21478007929355997
4.0 0.8083901732655567 0.31310880850492684 0.19655154746757575 0.15855198777387677
7.0 0.07717693058357994 0.6338014008551744 0.11026572881690966 0.16586163859049308
5.0 0.6623379616568752 0.7085870823489242 0.2064251621666069 0.11835086677540152
6.0 0.6230296078560646 0.4935601883321805 0.2923076352528081 0.429773383980566
8.0 0.8362550619540352 0.5212227900475157 0.2158895150440424 0.3282212675401612
9.0 0.40170616797721004 0.5405052420107823 0.25869966198814637 0.27713362952720744
