0.0 0.4121394665442798 0.37806599217486425 0.29371769150239757 0.1873935418352281
1.0 0.14127721305400126 0.5506455655108613 0.14263944639373863 0.6211905207887343
2.0 0.3547479928250256 0.810803974331489 0.24502889922021387 0.1200473428212111
3.0 0.947769804863495 0.758845465597719 0.06698346517761256 0.22848682445244117
4.0 0.8882059523401699 0.5168198216960507 0.21298549286044177 0.17331042492970417
5.0 0.6213986765495446 0.8502048422661114 0.22847403811641498 0.1284537414197715
6.0 0.6410084003120268 0.6150576715379068 0.31494688587394704 0.46017709118916583
7.0 0.056792153696225665 0.486837958441413 0.11358430739245133 0.17562861447165906
8.0 0.8410065138172226 0.7424671110230397 0.22066315395507408 0.33884920519021566
9.0 0.40460918798517687 0.5553930027307197 0.28343163327926285 0.3059255098176527
