0.0 0.4241962279643946 0.31616559724439586 0.2709328867833847 0.1364126736853658
1.0 0.2033207719256948 0.5086602751224993 0.08272201847485772 0.603277013038165
2.0 0.3911612469972491 0.7396195756885886 0.23143585795972327 0.08996878769677563
3.0 0.9519518275819243 0.625579303412426 0.04528788503885672 0.21052942513798079
4.0 0.8651825014376276 0.4079638586135424 0.18969042985298623 0.13195456884482837
5.0 0.6462454785392362 0.7482469269570304 0.21088830423987304 0.08759494647710342
6.0 0.6444141141456612 0.5221033910674491 0.2731756187167519 0.4068435289961366
7.0 0.08064390746215182 0.46113917906767365 0.10782488272150854 0.14631088110112
8.0 0.8434340427861899 0.61095745977842 0.18040228558306826 0.2828012582724721
9.0 0.4228453744605978 0.49025225008209783 0.24126037009711282 0.2495934492490745
