0.0 0.3903186898240547 0.4075567207032095 0.25764669359944786 0.12235430875677472
1.0 0.1835021328566634 0.6436073295051934 0.07104666067508095 0.5854359320874883
2.0 0.40717288477464864 0.8147840128450383 0.22779860151968218 0.08500496086569298
3.0 0.9270275217778476 0.5994421105509414 0.05109090820327422 0.20917961664560009
4.0 0.8222263160824475 0.40082827503435436 0.17851390882465357 0.1283692267876197
5.0 0.6523112958434192 0.7758878236770788 0.21189956186189818 0.10170656600549288
6.0 0.6233193750139108 0.5591551436955685 0.25955323952470855 0.38892779734171795
7.0 0.07361184793144543 0.6019649910274784 0.10533364460739397 0.14152199970596024
8.0 0.8289389050304565 0.604597020926407 0.17100063260731502 0.27202242071118005
9.0 0.40548826930341675 0.5747608246756896 0.23326726007898113 0.23973368076351848
