0.0 0.369922012090683 0.4273099899291992 0.247655987739563 0.10903400182723999
1.0 0.14804700016975403 0.6516100168228149 0.055469006299972534 0.5514019727706909
2.0 0.37187498807907104 0.8395640254020691 0.2124999761581421 0.07165098190307617
3.0 0.9175779819488525 0.6495329737663269 0.04765605926513672 0.22533702850341797
4.0 0.8187500238418579 0.4423679858446121 0.203125 0.12461099028587341
5.0 0.6160159707069397 0.8187950253486633 0.2132810354232788 0.07788205146789551
6.0 0.6019530296325684 0.5934579968452454 0.2585940361022949 0.37902402877807617
7.0 0.05507799796760082 0.6225339770317078 0.10078099742531776 0.12772595882415771
8.0 0.8152340054512024 0.6583589911460876 0.1617189645767212 0.28660404682159424
9.0 0.37304699420928955 0.5934579968452454 0.24140596389770508 0.2585669755935669
