0.0 0.3893750160932541 0.26204299181699753 0.27625003457069397 0.14368797838687897
1.0 0.18156200647354126 0.49875400960445404 0.03937500715255737 0.6237540543079376
2.0 0.38437502086162567 0.722590982913971 0.23875001072883606 0.08305597305297852
3.0 0.9753130078315735 0.5303160101175308 0.038125038146972656 0.22342202067375183
4.0 0.871874988079071 0.2927739843726158 0.19749999046325684 0.12707598507404327
5.0 0.6612499952316284 0.7030730247497559 0.22374999523162842 0.07059800624847412
6.0 0.6487500071525574 0.4613789916038513 0.2762500047683716 0.41279101371765137
7.0 0.054375000298023224 0.4543190002441406 0.10750000178813934 0.166113018989563
8.0 0.869687020778656 0.5340530425310135 0.1731250286102295 0.3006640374660492
9.0 0.39531299471855164 0.4485050290822983 0.24687498807907104 0.2541530430316925
