0.0 0.4139624098745571 0.34523574528772605 0.2620716675519627 0.11361250949825014
1.0 0.17678113717951807 0.5698250090722777 0.05034387292926851 0.602550554836049
2.0 0.41023035782131434 0.7704943973218086 0.22523796255206624 0.07706244007972707
3.0 0.9577006256494504 0.586745353449987 0.03741870792776525 0.2213873841765726
4.0 0.859769912039839 0.37701113806831954 0.19412956703248785 0.12153934499259711
5.0 0.6617178210922716 0.7462418642088454 0.2049119700913381 0.07279492293663692
6.0 0.6445872487491621 0.5173636718841488 0.25437165868066347 0.39601197374138725
7.0 0.4301361496742705 0.5185628567915049 0.24840319375805814 0.23814277566413394
8.0 0.08017867254824257 0.5329808493750904 0.09970455828176494 0.1542394726798602
6.0 0.8498935103308214 0.5889062324485621 0.1735616601397808 0.28756694425038604
