0.0 0.4064277622455875 0.34407502625242775 0.27164096610506183 0.13149966879724195
1.0 0.2250153940303721 0.5855666752073379 0.05937543348663871 0.6013996181573794
2.0 0.4200301334826778 0.7735129890887248 0.23109250691207106 0.09190828485894587
3.0 0.9670565420374361 0.5501725212176338 0.05729382914222758 0.22939253885305216
4.0 0.8583684309621844 0.33317918090091747 0.19307145494842393 0.13031658037683408
5.0 0.6837326880498573 0.7355613340642944 0.22669467474810656 0.09082793503251463
6.0 0.663690010010371 0.5031029984206199 0.2728593278801872 0.3999248011783313
7.0 0.0887397661668024 0.5596964142493754 0.11849040286989977 0.13681692045405847
8.0 0.8667129290035279 0.5617337208591384 0.1686439271179312 0.280490530886647
9.0 0.4256903404214208 0.5138119484285203 0.24817256030306523 0.2535669906996732
