1.0 0.15187500417232513 0.5618770271539688 0.050000011920928955 0.5822260081768036
0.0 0.39781299233436584 0.35174399614334106 0.2668749690055847 0.10714298486709595
2.0 0.38874998688697815 0.7695180177688599 0.21750003099441528 0.058969974517822266
3.0 0.9390630125999451 0.607142984867096 0.02812504768371582 0.2026580572128296
4.0 0.8565629720687866 0.39202699065208435 0.19562506675720215 0.11461800336837769
5.0 0.6428130269050598 0.7591360211372375 0.19937503337860107 0.07142901420593262
6.0 0.6299999952316284 0.5323920249938965 0.25 0.3837209939956665
8.0 0.8359379768371582 0.6146180033683777 0.16062498092651367 0.2774089574813843
9.0 0.40937501192092896 0.5245019644498825 0.24000000953674316 0.2317279875278473
7.0 0.05187499709427357 0.5282390117645264 0.08999999985098839 0.15780699253082275
