0.0 0.4282736720163061 0.36519702814107746 0.26202004498726816 0.16001531825452436
1.0 0.25058269655918375 0.5845847655482882 0.07408703178295609 0.565702152549453
2.0 0.41785684131470047 0.7826264215864145 0.23315511371675096 0.10506670489065606
3.0 0.9647429379928659 0.5852399732934522 0.039441926318755316 0.22312498975456946
7.0 0.11650322478173053 0.5524563469601388 0.11425535782003439 0.15771811470478858
9.0 0.4389437629528298 0.5349572654287958 0.24414244574576455 0.24745067959620398
5.0 0.6770082088349265 0.7498091308715313 0.21141126392252163 0.10542669858833364
6.0 0.6613759722922727 0.529986584329256 0.26183133941196157 0.4182511876353057
8.0 0.8679002211975295 0.5985607728740264 0.18818246792507642 0.29987479282895063
4.0 0.869286946555778 0.374282378882183 0.1850385858620398 0.14157894506664837
