0.0 0.4584369957447052 0.292773999273777 0.2318750023841858 0.10215900838375092
1.0 0.2903119921684265 0.49086399376392365 0.03812497854232788 0.5315609872341156
2.0 0.44999998807907104 0.6794019937515259 0.20249998569488525 0.06478404998779297
3.0 0.9534379839897156 0.5170270055532455 0.03562498092651367 0.18521597981452942
4.0 0.8590620160102844 0.31685999035835266 0.1706249713897705 0.10548198223114014
5.0 0.6865620017051697 0.6569769978523254 0.1956249475479126 0.06478404998779297
6.0 0.6746870279312134 0.45058101415634155 0.22687506675720215 0.34136199951171875
7.0 0.1546880006790161 0.4476740062236786 0.08937498927116394 0.12292402982711792
8.0 0.8603129982948303 0.5228409767150879 0.1481250524520874 0.25
9.0 0.46875 0.4539039880037308 0.2124999761581421 0.20514997839927673
