1.0 0.2606924252004636 0.6801246203849066 0.1214934458723711 0.5508304236836314
8.0 0.13848619760070144 0.6797559100218213 0.12128640373354592 0.1631213847669587
9.0 0.4522485094281322 0.5837178159294094 0.25307816306521186 0.2799506824995289
2.0 0.47006431578456637 0.8162334775234792 0.20703331040991235 0.1099173417724294
0.0 0.41816327722007907 0.42808474538521774 0.2535702638678521 0.1607466950378923
4.0 0.8534251213753031 0.3423564411241281 0.211499124859041 0.16962594869160857
3.0 0.9781277592812456 0.5268938946712929 0.04374448143750864 0.2172824292421402
8.0 0.8826322221947979 0.5722090232186723 0.22568741726564667 0.3271282538065997
5.0 0.7080315750496264 0.7479393657731965 0.20364448867404505 0.12225920495324771
6.0 0.6617699714854759 0.5337270683627001 0.29306423436740137 0.42962320837978546
