1.0 0.21099547752259468 0.5237180871365147 0.07052763202748782 0.5364762366058025
7.0 0.12796932643025305 0.48257530106932517 0.1051208823888761 0.1486549250468766
9.0 0.44338964552534 0.5056481591548891 0.23520224027540437 0.24237765067644962
2.0 0.4085186886849597 0.7256274723388714 0.20533307269856638 0.0862101579141521
0.0 0.4442003852439046 0.3480409924967314 0.2387270115457764 0.1216284538459399
4.0 0.8511368177336509 0.412098527481633 0.18368335870329022 0.13583581624917046
3.0 0.9337320311135664 0.6271691287752086 0.04427960018657595 0.1932364556763455
8.0 0.8415026156021905 0.6261472053643342 0.18310936775373887 0.2717065359796297
5.0 0.6499103751822325 0.7391724078513595 0.19686478495384585 0.08839575700355884
6.0 0.6471535092129554 0.5314558455452123 0.2585688813057563 0.3854245974015924
