1.0 0.17140250925687373 0.5190082591395851 0.08965733792041539 0.5904843812713716
7.0 0.07926472557030412 0.4684493503443897 0.11551807308638357 0.16642554945218263
9.0 0.4121394453498934 0.5092154801171618 0.2514293766342107 0.26668895837578427
2.0 0.36750260278222674 0.7352094418476178 0.21887206376385782 0.10720328146804958
3.0 0.9145823745511079 0.656532223346807 0.0520743457375179 0.2098141023637361
8.0 0.8137745856634762 0.6530587873551174 0.18482566097735542 0.29009483175333006
4.0 0.8350563915467202 0.43394645392266634 0.18438131949450398 0.1474575274201252
0.0 0.4175434311773981 0.33678917548156795 0.2599038244536045 0.15312154965596797
6.0 0.6227912803323037 0.5399048830134175 0.2697897492516642 0.418069437486617
5.0 0.6156861297416455 0.7622867756456242 0.205955286760094 0.11227773681508302
