0.0 0.4178583873191084 0.3693426930869976 0.2825222903611986 0.19889371092454433
1.0 0.17311681291398487 0.5153042087333297 0.16063177133386802 0.622698639087652
2.0 0.32703591978047164 0.796052518856811 0.25036670765734026 0.1539460973222141
3.0 0.916894361749856 0.8180299485471891 0.07058641368343066 0.22261392062193341
5.0 0.59024114797228 0.8704923756534715 0.22721596118375004 0.1504049320542663
4.0 0.8721573836417402 0.5673647861228986 0.21387428273408082 0.19228377332025343
6.0 0.6302029914209177 0.6369375654287004 0.32204902465114726 0.48693759766710276
7.0 0.06590786588092842 0.45749706391025824 0.13181573176185685 0.18353246695668002
8.0 0.8165439998845607 0.7862394742321821 0.220753309131547 0.3419938371106681
9.0 0.39829755553531726 0.5434953598571048 0.29659921825971913 0.339036707552762
