0.0 0.39765599370002747 0.3748700022697449 0.24531203508377075 0.11007297039031982
1.0 0.16875000298023224 0.5830739885568619 0.03749999403953552 0.5825550258159637
2.0 0.3894529938697815 0.7814120054244995 0.21953099966049194 0.06749701499938965
3.0 0.9246090054512024 0.6194180250167847 0.03828096389770508 0.21080005168914795
7.0 0.07382800057530403 0.5565940290689468 0.10546901077032089 0.14745602011680603
9.0 0.40625 0.537901982665062 0.2281249761581421 0.22429898381233215
8.0 0.817969024181366 0.6131880283355713 0.1640620231628418 0.2876429557800293
4.0 0.8292970061302185 0.4055039882659912 0.18046903610229492 0.11111098527908325
6.0 0.6292970180511475 0.5472480058670044 0.23359394073486328 0.36760103702545166
5.0 0.6378909945487976 0.7679129838943481 0.19609403610229492 0.08203494548797607
