0.0 0.44638980960583763 0.3414192679771644 0.2876869944605132 0.17427824654489765
1.0 0.21382047982595723 0.5146182152442438 0.13630414041722266 0.6163473158120406
2.0 0.38374059202487293 0.778325695819353 0.23991361140248302 0.1299441549058339
3.0 0.9691842345993267 0.7354916604310375 0.044188864789238336 0.22976967040253216
4.0 0.899308768190759 0.48201347781193593 0.2013824636184819 0.17399759313248203
5.0 0.6505340385171486 0.8234795818395151 0.21778241335829152 0.1282713540044459
6.0 0.664039305685085 0.5939611716126272 0.3156540309990217 0.468344414481631
7.0 0.05381359381993059 0.43343988459397653 0.10762718763986118 0.1659060795416653
8.0 0.8677946232847579 0.7060115786310726 0.216976646927582 0.33721177863019824
9.0 0.425021288357354 0.5325888252166723 0.28807601427931867 0.3214064407592491
