0.0 0.41874998807907104 0.29651200771331787 0.26374995708465576 0.11295700073242188
1.0 0.2043749988079071 0.5195180177688599 0.03749999403953552 0.5705980062484741
2.0 0.41843800246715546 0.7097179889678955 0.22312501072883606 0.07225894927978516
3.0 0.9684370160102844 0.5278239846229553 0.04562497138977051 0.22176098823547363
4.0 0.8668749928474426 0.3085550144314766 0.17375004291534424 0.12209300696849823
5.0 0.6806250214576721 0.7014120221138 0.21500003337860107 0.07059800624847412
6.0 0.6684380173683167 0.471345990896225 0.25187504291534424 0.38953500986099243
7.0 0.09843699634075165 0.49418601393699646 0.1081250011920929 0.13455098867416382
8.0 0.8640620112419128 0.5269929766654968 0.15437495708465576 0.27823901176452637
9.0 0.43031202256679535 0.46553200483322144 0.24437502026557922 0.24003303050994873
