0.0 0.421116490036356 0.39221519325032084 0.26204229243713195 0.14208104205370653
1.0 0.2205850197084177 0.6613132473049319 0.0906097323538084 0.5764820319589382
2.0 0.4537816448380119 0.7922755016262175 0.22275612026595104 0.09622185708894604
3.0 0.9787854829705209 0.5348781563887413 0.04242903405895826 0.22989313338426526
4.0 0.8658767376575124 0.33337834655436 0.19561994171181074 0.1519068223582506
5.0 0.705578047060547 0.7399046634698045 0.2161064494804057 0.10736880912510705
6.0 0.6750746484549186 0.517801344187899 0.2818109040440909 0.4227254754716947
7.0 0.11483224386580779 0.635685512772401 0.12042398015863147 0.14916364028163998
8.0 0.8870246022323276 0.5564375821398972 0.20213188685035532 0.3186346152864469
8.0 0.44983077199237825 0.5591762253488997 0.24275296064715757 0.24271847457308787
