8.0 0.18898755954705948 0.5423842579330317 0.0962136474984451 0.5201256621667114
2.0 0.3878045309037068 0.7405600558349614 0.2160061858522293 0.10361727477378835
6.0 0.6487958381779332 0.5637383046740921 0.2868935971521127 0.40947451906556687
4.0 0.8547232498301305 0.46209057029070844 0.18371620416806478 0.13619709819921516
3.0 0.9397076114923283 0.6769508750372835 0.05601271285939169 0.2007226150953667
8.0 0.8475603048310414 0.6738198831178747 0.1914920166431866 0.2826952519668826
5.0 0.6392434130276498 0.7712410740804148 0.2024843327386472 0.09623101651630006
9.0 0.43085106141257945 0.5238599678109628 0.26479072878549464 0.27074719369852157
0.0 0.43583595325623603 0.3649899152387586 0.2517024410990773 0.13694406203034504
7.0 0.08884460766072427 0.4723099107229961 0.13877971590907218 0.1752527327971129
