0.0 0.42625001072883606 0.3965950012207031 0.2524999976158142 0.10382097959518433
1.0 0.20000000298023224 0.6088039875030518 0.03749999403953552 0.5946840047836304
2.0 0.41843798756599426 0.8102160096168518 0.21562498807907104 0.06395304203033447
3.0 0.9649999737739563 0.6432719826698303 0.029999971389770508 0.2001659870147705
4.0 0.8634369969367981 0.42275699973106384 0.18437504768371582 0.11461800336837769
5.0 0.6700000166893005 0.7952659726142883 0.20375001430511475 0.0672760009765625
6.0 0.6568750143051147 0.5751659870147705 0.2437499761581421 0.37458503246307373
7.0 0.0821869969367981 0.5801500082015991 0.11187499761581421 0.13538193702697754
8.0 0.8628119826316833 0.6378740072250366 0.16312503814697266 0.2774089574813843
9.0 0.4296879917383194 0.5705979913473129 0.22437497973442078 0.2308969795703888
