0.0 0.4288425743448765 0.3889991261363446 0.2727261854007772 0.1519705256722776
1.0 0.18972291859085766 0.5892859446648596 0.09560347744023598 0.6021432061299512
2.0 0.39277210551527314 0.8136109342645355 0.2278871884474406 0.0932863312957124
3.0 0.9540821447287973 0.7123619778481655 0.050148943935547696 0.22043656088589225
4.0 0.8854985629970191 0.48313741326351456 0.20399664634299608 0.15489819974771035
5.0 0.6465211980226082 0.8344510993940973 0.22108779354512764 0.10347201483967106
7.0 0.0806127324650216 0.5363345619869125 0.11748754380121529 0.14700925481762267
8.0 0.8548262966081965 0.7100056375027699 0.1895355396129521 0.3004415228666938
9.0 0.424558859971493 0.5597394129905163 0.2701473336614941 0.28401583877328895
6.0 0.6598082340082554 0.6086307560538307 0.2833716610332633 0.43065740375371414
