0.0 0.4333752718445157 0.35038572251319133 0.2828313262022307 0.13489829825592936
1.0 0.21684799340901528 0.5570758083648109 0.0856776876798723 0.6179555265483393
2.0 0.4079031544954109 0.7938637516242593 0.23725793263775136 0.09651920186371454
3.0 0.9860648167431827 0.6642544749880352 0.025064193169357707 0.231428326300122
4.0 0.8990504147094363 0.4221938713156241 0.20113658818837654 0.14719489292589472
5.0 0.6768230991291906 0.7990670989505463 0.21443791520510558 0.09832133815186883
6.0 0.6709201012440962 0.568981753571063 0.28523664296470663 0.4356579334961907
7.0 0.04975937282101018 0.500738149700302 0.09951874564202036 0.1538334899686924
8.0 0.8828298140536166 0.6500341639813821 0.19468493553284671 0.31532355492656977
9.0 0.4282357424187351 0.5435321034082278 0.2699147250422636 0.2875503953267813
