0.0 0.41191441833459047 0.3024918392090585 0.2568105762342704 0.15093433236173392
1.0 0.21244288222832108 0.4679706380597858 0.10207601472336314 0.5665715981462749
2.0 0.34902927399364714 0.6933575466007242 0.21366174348848904 0.10420763442340741
3.0 0.9003027471731002 0.6510928470512036 0.053484473672545496 0.20268758021915556
4.0 0.8313308240440673 0.4248472007002794 0.1901067824295677 0.15144791753111708
5.0 0.6022733774569846 0.7366248289813802 0.2093887564720508 0.11551192035966007
6.0 0.6101294805130504 0.5179405280639826 0.27320905207026125 0.39915567734171586
7.0 0.0811818301748911 0.4079464263436774 0.10438767655826185 0.15004218369676703
8.0 0.7998278752131751 0.6223655632698123 0.1778396855984946 0.2886934535726407
9.0 0.398626076265483 0.464816115483236 0.2366765695734342 0.2480068852468787
