1.0 0.1693750023841858 0.5693519711494446 0.03624999523162842 0.6237540245056152
7.0 0.05312500335276127 0.5240859836339951 0.10500000044703484 0.16112998127937317
9.0 0.41093799471855164 0.5083060264587402 0.24062496423721313 0.24252498149871826
2.0 0.39250001311302185 0.7699339985847473 0.22624999284744263 0.06312298774719238
0.0 0.4021869897842407 0.33596301078796387 0.2606250047683716 0.1004980206489563
4.0 0.8578119874000549 0.37001699209213257 0.19187498092651367 0.12043201923370361
3.0 0.9643750190734863 0.5863789916038513 0.03250002861022949 0.21262502670288086
8.0 0.8543750047683716 0.6000829935073853 0.16624999046325684 0.283223032951355
5.0 0.6565629839897156 0.75 0.20812499523162842 0.06810605525970459
6.0 0.6396870017051697 0.5161960124969482 0.2581249475479126 0.3978409767150879
