1.0 0.21137123874635916 0.4844852491266076 0.1190008173227107 0.599263135276201
6.0 0.6476291187213528 0.555302106625772 0.3166663066310277 0.45752519813147924
0.0 0.4366221182002524 0.3159820967304334 0.27511949784607637 0.164279826570846
3.0 0.941004128358228 0.7108516376770658 0.05245903187470413 0.21703401115289145
2.0 0.36774044814443324 0.7367744717928045 0.23298772833803005 0.11743437992622274
5.0 0.6263724567574348 0.7908519063531363 0.2202959062523988 0.12220323726436255
7.0 0.07073542977114365 0.4117863677768061 0.1414708595422873 0.20074128113570405
8.0 0.840937620926611 0.6962836263963539 0.18998687171311213 0.31494556796195505
4.0 0.8839042104528658 0.4702943735057292 0.1873107600566869 0.1624169651731031
9.0 0.4166635164733592 0.4879604585631905 0.26818216046312315 0.29570773581133625
