0.0 0.49812497198581696 0.43791699409484863 0.17249998450279236 0.07416701316833496
1.0 0.3659380078315735 0.5895829647779465 0.04062497615814209 0.40916696190834045
2.0 0.4815629869699478 0.744583010673523 0.15187498927116394 0.05750000476837158
3.0 0.8637499809265137 0.6391670107841492 0.02499997615814209 0.15999996662139893
4.0 0.807187020778656 0.4845830053091049 0.11437499523162842 0.09416702389717102
5.0 0.6681249737739563 0.7450000047683716 0.1575000286102295 0.06333303451538086
6.0 0.6581249833106995 0.5758330225944519 0.18999993801116943 0.303333044052124
7.0 0.2746869996190071 0.5683330297470093 0.07437501847743988 0.09500002861022949
9.0 0.5018749684095383 0.5537499785423279 0.16499999165534973 0.1791670322418213
8.0 0.7978129982948303 0.6412500143051147 0.11812496185302734 0.2124999761581421
