0.0 0.3916765208963041 0.32448102464510986 0.2517020909626346 0.13486556560602397
1.0 0.1859670739546791 0.4887777178246499 0.08506655921170525 0.44231135050108017
2.0 0.3591630587781935 0.7208039649644444 0.22051938499279863 0.09121701379382763
3.0 0.878953193590696 0.6174426259094997 0.059531318701104285 0.2035988628375358
4.0 0.808345828185661 0.41099496826044557 0.18428852372593718 0.1366194599354999
5.0 0.5970025535759774 0.7336258044488773 0.20896381436460437 0.10016953408879448
6.0 0.6016636936089566 0.5137503253436649 0.25552063955707144 0.3859691502639315
7.0 0.0719922251666931 0.4640709213790555 0.09485806397385516 0.13195023410794043
8.0 0.7795997034614924 0.617807321219372 0.18773203363299396 0.28483471304140445
9.0 0.39163426021503267 0.4836164265608144 0.23497845274989398 0.25407090867739807
