0.0 0.44830570827851923 0.41274635580168784 0.22484629320755917 0.11552569103631166
1.0 0.25391059566435914 0.6140152780913397 0.06494820241449778 0.5029975534579573
2.0 0.45457682277340783 0.7757583946161004 0.19675029844288083 0.07524107159326066
3.0 0.9468815304612789 0.5794377132779851 0.0475034140413102 0.21020077966200235
4.0 0.8477410642520251 0.4035832730061585 0.18357065129108163 0.13321371035101642
5.0 0.6818328971116288 0.746303993942071 0.1982684759949921 0.07431658886647308
6.0 0.6669584457704082 0.5456283435712792 0.2432856555702847 0.35670434092137226
7.0 0.16805200645480506 0.5999531142555249 0.11062488409912433 0.1372363856103478
8.0 0.8567306487604114 0.5942856752194876 0.1603169689573225 0.2679928729940411
9.0 0.4644598992699376 0.5587315091973943 0.23512417894018617 0.21448250701291793
