0.0 0.4380496233309451 0.27446731596437146 0.2455281535234381 0.18066655543178906
1.0 0.24418147408640917 0.40971183082394225 0.12478272689424089 0.4305283018356654
2.0 0.3544167656013694 0.6282238605604008 0.2036793867051776 0.1285910242963768
3.0 0.8701145607800763 0.6671503402212978 0.07241561056874835 0.19940325980913465
4.0 0.8255601734211919 0.44517899749236417 0.19043601045820047 0.16346105268459132
5.0 0.5724454381027468 0.7086117106366061 0.20109295879624123 0.13812388928022012
6.0 0.6036938786797206 0.5069501865996873 0.2868144007716137 0.41534216501204463
7.0 0.12089994966183298 0.3228029792839804 0.10688765252127778 0.11905162708462358
8.0 0.7713467501780824 0.6533458435939283 0.18838501156121323 0.25152459932701376
9.0 0.410206404747544 0.42834851011444236 0.2481589699672162 0.25844474508984894
