0.0 0.4023439884185791 0.37798500061035156 0.260936975479126 0.11215001344680786
1.0 0.171875 0.5981310158967972 0.04062500596046448 0.606438010931015
2.0 0.4011719971895218 0.7850469946861267 0.22109398245811462 0.06022799015045166
3.0 0.9582030177116394 0.6137070059776306 0.03984403610229492 0.2222219705581665
4.0 0.8621090054512024 0.40031200647354126 0.1914060115814209 0.1277260184288025
5.0 0.650780975818634 0.7798550128936768 0.2124999761581421 0.07061302661895752
6.0 0.6417970061302185 0.5581520199775696 0.2398439645767212 0.3977149724960327
7.0 0.07031199894845486 0.5581520348787308 0.10312499478459358 0.15680202841758728
8.0 0.8531249761581421 0.6256489753723145 0.18437504768371582 0.2772589921951294
9.0 0.41328097879886627 0.546209990978241 0.2343749701976776 0.2305300235748291
