0.0 0.39373367313492913 0.34725870768524325 0.2360325261381278 0.13399264351806278
1.0 0.2503569019009188 0.5647441408290529 0.09082700285780823 0.5262247697206537
2.0 0.4241851130512102 0.7125830373413153 0.20232384790610447 0.08703212146227624
3.0 0.9063731377258314 0.4879975841042209 0.059781984054182224 0.19489640012349602
4.0 0.8011620661225628 0.30955402135075444 0.18168329650222037 0.13392484010448016
5.0 0.6513390360139522 0.6699742825637047 0.19472215025393658 0.0971342852288476
6.0 0.6166799168144936 0.47148637659497117 0.25989791506257354 0.3821794755150197
7.0 0.1207851540446065 0.5497754185389927 0.09694378923062394 0.12882936222449576
8.0 0.8108994000584577 0.5042148614644388 0.16264045338555122 0.2630354240454179
9.0 0.4120910766105067 0.4994808741997331 0.22413291870294888 0.23507436529106424
