0.0 0.4424999952316284 0.3654490113258362 0.2437499761581421 0.09966802597045898
1.0 0.2653129994869232 0.5614619851112366 0.04187500476837158 0.5564780235290527
2.0 0.43656298518180847 0.7566450238227844 0.21062499284744263 0.05481696128845215
3.0 0.947812020778656 0.6067280173301697 0.031875014305114746 0.19352197647094727
4.0 0.8634369969367981 0.39908599853515625 0.1643749475479126 0.11212599277496338
5.0 0.6759369969367981 0.7450169920921326 0.19187498092651367 0.06478404998779297
6.0 0.6609370112419128 0.531561017036438 0.23687493801116943 0.3621259927749634
7.0 0.1209380067884922 0.5124580413103104 0.09687500447034836 0.1345510184764862
8.0 0.8512499928474426 0.5971760153770447 0.1487499475479126 0.26079702377319336
9.0 0.4490620046854019 0.527409017086029 0.22687503695487976 0.21760797500610352
