0.0 0.4030640636974739 0.29739604090229366 0.2363123069399039 0.11794963712847287
1.0 0.23556057742768496 0.48478973510972356 0.057084419156488486 0.4323087461284667
2.0 0.37852189212275533 0.6667632158017242 0.1999937000504809 0.07444921568940921
3.0 0.8884865535998083 0.5576773720095629 0.04251328668162324 0.1954240667411728
4.0 0.8091163623202031 0.35358946129883007 0.17894711772179073 0.11713506988302075
5.0 0.6044531665094315 0.6830836499043995 0.19537675759670037 0.0857790454160291
6.0 0.6023994381853038 0.4772090661371121 0.2380410048826564 0.36237828532962135
7.0 0.10111459694145637 0.4350732820748098 0.0953593786191064 0.09576284295332882
8.0 0.7897912019518762 0.5723685868624558 0.16030870835506306 0.21462255620283094
9.0 0.40072582726240713 0.4556326906444929 0.2247344233180617 0.202591594995701
