0.0 0.3946880102157593 0.26785698533058167 0.2618750333786011 0.10714298486709595
1.0 0.1850000023841858 0.49086400866508484 0.043749988079071045 0.5797340273857117
2.0 0.39812497794628143 0.6868770122528076 0.22749999165534973 0.066444993019104
3.0 0.9337499737739563 0.4892030209302902 0.046249985694885254 0.20764103531837463
4.0 0.8293750286102295 0.29152798652648926 0.17875003814697266 0.132889986038208
5.0 0.6434370279312134 0.6607139706611633 0.20687496662139893 0.07059800624847412
6.0 0.6359379887580872 0.4385380148887634 0.23062503337860107 0.3704320192337036
7.0 0.05999999865889549 0.46553200483322144 0.11749999970197678 0.14368796348571777
8.0 0.8393750190734863 0.5132889896631241 0.15999996662139893 0.2691030204296112
9.0 0.3996869921684265 0.4422760009765625 0.23062503337860107 0.23504996299743652
