1.0 0.1709034854054609 0.5695103787056476 0.11049520247824021 0.5883106992315064
7.0 0.051558496316317884 0.4995111445062605 0.10311699263263577 0.17764894397881947
9.0 0.38442484147009215 0.5576652921988994 0.26865442636439835 0.2971896432896408
2.0 0.338464511698585 0.8006233879770366 0.22690715497284145 0.11174575755352223
0.0 0.3942157488376914 0.3805665370322969 0.2671546936329588 0.16110422873154212
4.0 0.8391756465092475 0.49869315412745063 0.20519468563114485 0.16059608326359215
3.0 0.9101411364182508 0.740643283770949 0.057871062616324576 0.21924907977837882
8.0 0.8082230606672411 0.7301462791052733 0.19921161461345827 0.31424406588245846
5.0 0.5951249607311666 0.8375704056505394 0.2144474423066312 0.11306625959293481
6.0 0.6065507899420153 0.6052951543784193 0.2976816825441816 0.4471641815303243
