0.0 0.40418375787394945 0.28693897563852516 0.2612253304056959 0.12419914272154767
1.0 0.20056105009635608 0.49994251453242566 0.06910941625925832 0.592085876076335
7.0 0.05932529237881018 0.4618100388295597 0.10861527285192235 0.15536822061538424
2.0 0.3852506833459461 0.7127075864532574 0.2318484855418278 0.088311409580067
3.0 0.9628766251338858 0.5633750608664465 0.05491687432533099 0.2171448864076419
4.0 0.8656601162521655 0.32943016318287915 0.20455159179650073 0.14026813793593473
9.0 0.40366065686058544 0.4578008128362422 0.2718357584640084 0.2564679728726713
6.0 0.6400167505725047 0.4794219307093443 0.2689371088312118 0.41017364456465966
5.0 0.6469871834096474 0.7085816748560985 0.22080108709642843 0.09253710214278899
8.0 0.8501879675596079 0.564574142310228 0.18742166099572755 0.2963329254101855
