1.0 0.14749999716877937 0.5950999855995178 0.046250008046627045 0.5672760009765625
7.0 0.05249999649822712 0.5672760009765625 0.08999999985098839 0.15780699253082275
0.0 0.37437498569488525 0.3878740072250366 0.2549999952316284 0.10465097427368164
4.0 0.815625011920929 0.4186049997806549 0.18250000476837158 0.11461800336837769
3.0 0.9143750071525574 0.6274920105934143 0.03750002384185791 0.2001659870147705
8.0 0.8187500238418579 0.6436880230903625 0.17250001430511475 0.26910293102264404
5.0 0.621874988079071 0.7861300110816956 0.20375001430511475 0.06893694400787354
6.0 0.6050000190734863 0.558139979839325 0.2537499666213989 0.3803989887237549
9.0 0.38906198740005493 0.5573089718818665 0.2406250238418579 0.22425198554992676
2.0 0.3659380078315735 0.7948499917984009 0.20812499523162842 0.05814003944396973
