0.0 0.3928211551020343 0.35994816890560244 0.250068752812368 0.15424671923583838
1.0 0.23767181067926366 0.5824440829586367 0.09086073642985598 0.4360055432111704
2.0 0.42684599207755053 0.7420926475258891 0.20952324644368836 0.09620842800553431
3.0 0.9348042793668861 0.49408087123185074 0.05808798516953284 0.20260439569715233
4.0 0.819308983238886 0.30195343536861957 0.19108678363083498 0.1548537003941459
5.0 0.6636996904325696 0.6905584052317101 0.20831823147953743 0.11677951334300696
6.0 0.6273884047739899 0.4778419797771005 0.28111503461572707 0.40891129877046956
7.0 0.11045315772334413 0.5898568427581103 0.09548702753297338 0.12065698531083002
8.0 0.8346864301552205 0.5303499190541414 0.182990922802162 0.2708921915602187
9.0 0.4150938789202542 0.523034068502563 0.2489689114763467 0.24770968815144478
