0.0 0.3474565021074665 0.4365114319005554 0.26187566722295097 0.17832715215365735
1.0 0.19685708355888512 0.7023909136360882 0.10983469773714566 0.4397351418294815
2.0 0.4053783257087094 0.8103469126474805 0.20757305575999896 0.11692707175873907
3.0 0.8643963422027249 0.507631381090389 0.05802853369516958 0.19297850091831747
4.0 0.7538754892921615 0.3421704386881169 0.18635743465603127 0.16787584118829652
5.0 0.6313222106898869 0.7235924863945147 0.19000382341234534 0.112573670074539
6.0 0.5841030784685936 0.5307351319325635 0.278691980077792 0.410242781412227
7.0 0.0772801722098232 0.6990122152778397 0.09431198509924762 0.14179339332826701
8.0 0.7769957958316958 0.534406776636996 0.20421306933727978 0.29353915052829316
9.0 0.3864184765173706 0.587135389528755 0.24780823416694453 0.2830941421350487
