1.0 0.23464597011041874 0.5899338343961189 0.10879240904892068 0.5750440186582064
7.0 0.07957555429915299 0.564023841278641 0.12531350247381354 0.1844363796026769
9.0 0.4203880717847498 0.5204902321835303 0.2627339300436145 0.26248087340787174
2.0 0.4204771224318816 0.7591867983399201 0.21914775879537746 0.09139079628223112
3.0 0.9493439903271483 0.5251955464881515 0.0547389060940765 0.21026374190627128
8.0 0.848161705158277 0.5506783036970151 0.19717041227195542 0.3021308275178639
5.0 0.6673301642442308 0.7151757243242525 0.20691268100679494 0.10951173337040421
6.0 0.6329498881515558 0.4995873999352999 0.2820966372429377 0.41642165373703915
4.0 0.8252592661602868 0.33645308240871885 0.18680888375182025 0.13436623994127178
0.0 0.39967757041574625 0.3607464714229679 0.24937803445219675 0.13872706457993494
