0.0 0.37812501192092896 0.3826580047607422 0.2437499761581421 0.10072702169418335
1.0 0.1601559966802597 0.601764976978302 0.04062500596046448 0.5659400224685669
2.0 0.3695310056209564 0.7886809706687927 0.21562498807907104 0.06334400177001953
3.0 0.9230470061302185 0.6240910291671753 0.03671896457672119 0.20976102352142334
4.0 0.8222659826278687 0.4091379940509796 0.1992189884185791 0.13291800022125244
5.0 0.6183590292930603 0.7751820087432861 0.205469012260437 0.07165098190307617
6.0 0.6035159826278687 0.5514019727706909 0.2539060115814209 0.37798500061035156
7.0 0.054687999188899994 0.5628250241279602 0.09843699634075165 0.13914799690246582
8.0 0.815625011920929 0.6339560151100159 0.17656302452087402 0.2772589921951294
9.0 0.38749998807907104 0.5451710224151611 0.21875 0.2222219705581665
