0.0 0.3818254632960607 0.3344828249976791 0.2598009718361354 0.13616503195562335
1.0 0.21926029199206107 0.5688473133370272 0.08602666923692653 0.5803453464882273
7.0 0.07102602330249408 0.5588731884797632 0.10871973563095566 0.15846626234881422
9.0 0.4125950340161969 0.49588309278060416 0.24844161454929942 0.2528521675564386
2.0 0.4121768934698184 0.73738255605398 0.22348586050480346 0.09747669234299783
3.0 0.9456376202107375 0.4951176899672318 0.05847053306709682 0.2124289225349028
4.0 0.8309567496269441 0.29150226866218615 0.19914685524538356 0.14538039213057605
5.0 0.6555966216822862 0.6927079808036962 0.21388094787909062 0.10017333070480106
6.0 0.6320279889846792 0.46928414307250027 0.25578215863666487 0.4105867033302327
8.0 0.8404769775806029 0.5161150223476711 0.19985448024169117 0.30460678794276014
