0.0 0.3870480552473502 0.3445579763249873 0.2562095363927193 0.1553096457650398
1.0 0.23679659277303383 0.6004155404264555 0.10527335411218242 0.44986863098675767
2.0 0.42910017599739214 0.7344080892683651 0.21541145452610966 0.10787579017106719
3.0 0.907853396398157 0.4517390730136639 0.06308202443302813 0.19235385593934246
4.0 0.8036745030529593 0.2782869925323739 0.18522754414420362 0.15661740376928304
5.0 0.6664489072667703 0.6596858748091812 0.2023695279187041 0.10410940352824782
6.0 0.6264407263795637 0.4577095126318066 0.27949800893331694 0.405339673077191
7.0 0.1010001699601966 0.5972258782066541 0.10669484934178106 0.1411088766109534
8.0 0.81893668104199 0.4850592495042685 0.18128675884905532 0.2836435491838953
9.0 0.41948739664454116 0.49769767368441276 0.2442076325147418 0.26619731423422305
