0.0 0.41874998807907104 0.32807299494743347 0.2487499713897705 0.1013290286064148
1.0 0.2071869969367981 0.5390369892120361 0.03937500715255737 0.5714290142059326
2.0 0.42125000059604645 0.7333890199661255 0.21000000834465027 0.05814003944396973
3.0 0.947812020778656 0.5556480437517166 0.038125038146972656 0.2026580274105072
4.0 0.8506249785423279 0.3521589934825897 0.18250000476837158 0.11129599809646606
5.0 0.6559370160102844 0.7055649757385254 0.19812500476837158 0.06063103675842285
6.0 0.6434370279312134 0.4887869954109192 0.23937499523162842 0.3696010112762451
7.0 0.1046880055218935 0.5 0.10062500461935997 0.11295700073242188
8.0 0.8440629839897156 0.5460960119962692 0.15812504291534424 0.2516609728336334
9.0 0.427186980843544 0.4904490262269974 0.22437497973442078 0.2201000154018402
