0.0 0.44308420556275024 0.2473493017844986 0.26275931446751943 0.1886920036103756
1.0 0.19522266986656323 0.3806531969987848 0.14670752753119629 0.5790535033784258
2.0 0.3505660665603029 0.6446015116183053 0.22419270646038528 0.14104713400868307
3.0 0.912023086712481 0.6824535980497497 0.07353888887326432 0.21914550280493283
4.0 0.8591817520218474 0.4371728413140289 0.20250631704927258 0.1789486619367946
5.0 0.598609617093499 0.718281396821983 0.21162349258041702 0.13756805469372946
6.0 0.6248439628052692 0.4944901656589431 0.3073333432977026 0.4402735588558469
7.0 0.09763975141947213 0.30237905520029373 0.11772063399218749 0.16245020916694702
8.0 0.8118691894651496 0.6328733654190425 0.20468814127158796 0.31228327476435874
9.0 0.41274043560478757 0.4149203431670747 0.2592439515227311 0.28620488235930114
