0.0 0.3494304098415929 0.3431122562222315 0.2778442339711054 0.15564160270990546
4.0 0.8090101156968021 0.27141884903800984 0.19524256167970533 0.1516416205540058
3.0 0.9498790303301812 0.4670892767329644 0.06920357532074306 0.2216180562175885
6.0 0.847600729324754 0.5003168527682744 0.21070179908658992 0.3270872148794274
5.0 0.6593137163358839 0.6987341991873806 0.2246161106104354 0.11834352156262973
6.0 0.6167657925571567 0.4660833025966672 0.3180967946276458 0.45206293261322883
9.0 0.38184136265576823 0.5102269888222772 0.2889802354837071 0.3014579285921358
2.0 0.3935179113095175 0.7644674284934376 0.2404367514121612 0.11548375574521053
7.0 0.04991778473171356 0.5940156124211977 0.09983556946342712 0.18627475334099974
1.0 0.14323335269173296 0.6183441947878497 0.1321966728944065 0.6465235553766397
