6.0 0.6416202006298899 0.5378963457461597 0.3005588642645368 0.43564523936049754
1.0 0.1923849323683656 0.6874900694726822 0.12120075628455901 0.5833086177373016
2.0 0.43255348402024096 0.8351533747808096 0.24024390387469058 0.11965048689616165
3.0 0.9559564985847737 0.5280063681405991 0.06091478122495819 0.21500226095674452
4.0 0.8321135279693883 0.34376509880616046 0.19989562808901573 0.16473653862048399
5.0 0.6878136238208443 0.7616556676799041 0.2146305327386958 0.12330766261463966
8.0 0.8483413049996709 0.5754875219352704 0.18237922618537483 0.31006452959974945
9.0 0.41769371988722076 0.5936263649076955 0.274477834897913 0.29617104478870915
7.0 0.08670371948825834 0.6815844715281287 0.12468540772616765 0.18660532851404865
0.0 0.38699771765637925 0.4261742675843768 0.26528633329653845 0.16467330008444708
