0.0 0.39614058239804384 0.36039860993296324 0.272389305319851 0.13690813693625348
1.0 0.14920489770716538 0.5572376084135727 0.08325980134848388 0.6178043367562863
2.0 0.3615155664809985 0.7706929428110308 0.23064095000153026 0.09568299336966657
3.0 0.9201952418315278 0.6802941403415621 0.04777276381378448 0.21578369313003332
4.0 0.8385893394983313 0.4512664715545663 0.19246925958266436 0.14098726330254407
5.0 0.608273670626396 0.7965465311093114 0.20829509296438242 0.09374650790669492
6.0 0.6116576174037562 0.5684104973206295 0.2709750133477802 0.4081146648745217
7.0 0.04756850416907838 0.4826801716372432 0.09513700833815676 0.14924220086587398
8.0 0.8142181635555384 0.6563769355209943 0.1793931504107169 0.2894121651655205
9.0 0.39187478085496585 0.5337899068579459 0.253223779423519 0.25998632821463924
