0.0 0.3852281298048836 0.39787249068526176 0.2632171951769334 0.16941749764217645
1.0 0.18748936054232423 0.6605107346454554 0.12038555474886167 0.580776712016795
2.0 0.4320408814765543 0.8072013287571165 0.2168601875534062 0.11362147214350737
3.0 0.9296057920994436 0.5123332623515282 0.06964483089344065 0.2173029501814835
4.0 0.8091370133333775 0.33240039028143603 0.1909011615044195 0.16144020711521034
5.0 0.6706983702175312 0.7266891670748936 0.20997813359551531 0.12276781609087561
6.0 0.6342375732694445 0.5138913288337612 0.2736991583678847 0.41451898295494044
7.0 0.0920937483661229 0.6687243869003645 0.12128544893540191 0.14624254693869732
8.0 0.8373457953362184 0.5430085606670234 0.1962605750071199 0.30077978725196736
9.0 0.4149901572760878 0.5626843735706727 0.26583740556935265 0.27850593161263815
