1.0 0.21357287619807727 0.5759290510387887 0.0903057422148123 0.5685028217463038
7.0 0.06645001182175658 0.5680883505037784 0.12533556771010362 0.17306917397127453
9.0 0.40512853966012685 0.5125200528310505 0.25835041625284716 0.26375089715696926
0.0 0.3820886161436834 0.35142705447689604 0.2579623797541773 0.1402605348482202
6.0 0.6186722157588964 0.48611486823115 0.27808507407276595 0.41150453975094164
5.0 0.6507184623094531 0.7038970665727667 0.20258341312155392 0.09632610696003563
2.0 0.40829658984887846 0.75174103203091 0.21144491612082505 0.08640070526483368
3.0 0.9266041301695693 0.5204859446704504 0.04638830390792548 0.20487449658674517
8.0 0.8307031055781064 0.5457248139098498 0.1834537435118585 0.28647132847070955
4.0 0.8204206055507276 0.318122027091726 0.18574813544719992 0.13905809824786525
