1.0 0.16579774508719988 0.5237836169102823 0.12524199650868817 0.5697255657013682
7.0 0.06736158202607309 0.4661719876290521 0.1266302602080815 0.1746706625515153
0.0 0.4105412692718194 0.36850086798181847 0.2582194769265279 0.16930537127840722
6.0 0.6103800647806104 0.5907188089716982 0.2952015424616716 0.43255957400320655
4.0 0.8342808418952892 0.49364830631259315 0.1985670471986749 0.16481121235726098
3.0 0.9038124950611199 0.7354205891814296 0.06964613954489007 0.2159051439273999
8.0 0.8020512134383673 0.7244242076944258 0.21543054853271515 0.30993400404658933
5.0 0.5889422289751596 0.8079922179936915 0.2123128125613319 0.12683506389211407
2.0 0.3399617423787117 0.7646278317015311 0.2239268404993915 0.13012548215200104
9.0 0.40146273625949846 0.536624554364828 0.2636180540960031 0.2902447567037106
