0.0 0.42089835639500484 0.39249799941599145 0.2621671572984881 0.14295324595265502
1.0 0.22091292542191898 0.6623130110237944 0.09175225186807023 0.57643884102128
2.0 0.4543740922040603 0.7924399102637336 0.22281107037310066 0.09697935357977783
3.0 0.9787097415554523 0.533134565088973 0.042580516889095366 0.22995945676124985
4.0 0.8655377611206225 0.3320690556163006 0.19580871686959866 0.15252796991248585
5.0 0.7060634545059625 0.7391677919849893 0.2161889845885402 0.10809452711265666
6.0 0.6751100867854584 0.5171744852710155 0.28250788812808625 0.4234870010268066
7.0 0.11510860004823528 0.6370639807635569 0.12065619999036985 0.14950963605874246
8.0 0.8871375658575971 0.5550517694263651 0.20266397272231984 0.3191707393235874
8.0 0.4499508712418307 0.5593556242896643 0.24310023020783966 0.24345383932885484
