0.0 0.4185198373701421 0.29667458959519133 0.26387746749627256 0.11348389195673389
1.0 0.20439741724014385 0.5201087065792156 0.038145571779969245 0.570672292816454
2.0 0.4186753863422684 0.7098807271438512 0.22320651804073655 0.07270471070569295
3.0 0.9684679687435062 0.526887933420538 0.0458758378972397 0.22185190428309065
4.0 0.8666579619753048 0.30782214993022194 0.1738879922739871 0.12244005216849194
5.0 0.6808527109098799 0.7010508737886915 0.21507967055184152 0.07102753441471998
6.0 0.6684054055245674 0.471009454431849 0.2523155091883099 0.39003786025585063
7.0 0.09843087187920628 0.494988414190903 0.10827712069144094 0.1347668893872342
8.0 0.864092141696988 0.5262654860645339 0.15468960440002044 0.27854716561192666
9.0 0.4302731015043416 0.4656712926632274 0.24464633654350298 0.24052106354153518
