0.0 0.37870953807799257 0.2858848150501681 0.2420956203292431 0.14549073109247737
1.0 0.1799338133347934 0.517999612815456 0.09654087586443066 0.4431501020422985
2.0 0.39133427316618435 0.672509349126482 0.22656000629997364 0.09756240522476367
3.0 0.9075225737824628 0.44407200168712196 0.06349612880285782 0.20088478265642007
4.0 0.7976295955462823 0.2621646685110759 0.180040054973037 0.1301249555185154
5.0 0.637060654870101 0.6212384505667548 0.2163283347187358 0.10018779451511872
6.0 0.6089865670756615 0.41724185224363486 0.2745189385850158 0.38766758233628695
7.0 0.08165731376732215 0.4918953582870653 0.11199177270297253 0.13186662236681507
8.0 0.8036645817435719 0.47347556884915876 0.19362137126714052 0.2757387041060184
9.0 0.3950655416191456 0.438089521935375 0.25265911281991793 0.23842685490937204
