0.0 0.33894232475747726 0.33711093691352384 0.24708198909204812 0.13125454967076866
1.0 0.17255443404340706 0.5359093220372553 0.07040500047947673 0.50383692659838
2.0 0.3472984809869867 0.6957430775877207 0.20711261391971786 0.07653034936152425
3.0 0.8279006930351873 0.523900564369709 0.04926678561424491 0.21268700090970605
4.0 0.7352626521466941 0.33202067791814516 0.17088791103077172 0.1289491610321033
5.0 0.5753518642866475 0.6880210306625714 0.19239058529270164 0.0875357730782177
6.0 0.5573984424099603 0.4810192220409478 0.23617841683026175 0.3597124177682407
7.0 0.0698931327350659 0.5176978581874145 0.1123401041565255 0.13400427533689924
8.0 0.7407434065603644 0.5403670532541572 0.14989591601090524 0.24585588356330362
9.0 0.35247629414983245 0.48861989681848544 0.22554847015140478 0.22491742383233537
