0.0 0.42760143991840593 0.33483121800055027 0.26795910625866054 0.1654182686628038
1.0 0.21778388718305905 0.5028031960931968 0.09846935949404495 0.571966643118597
2.0 0.37420261267890753 0.7346536865330195 0.21560037393802411 0.10508734225507699
3.0 0.9307767009020814 0.6731509814424932 0.05814893749684158 0.2124532370008404
4.0 0.85399436702314 0.4489415767008153 0.18995441065171814 0.145710888705758
5.0 0.6255638375521686 0.7715534406632747 0.2188016410123913 0.11859057959699237
6.0 0.6360702384988577 0.5479806594769994 0.279540899834898 0.4219973968065477
7.0 0.08946013568856097 0.4407124715964621 0.12177395043050612 0.174632519648185
8.0 0.8280089622448179 0.6542193528340713 0.18493244554221422 0.29911777823009
9.0 0.4149204925743354 0.4993415507678197 0.24942868455865574 0.2638770675431476
