1.0 0.18813518115709948 0.7005491073442738 0.04834412407133279 0.5499654717216784
7.0 0.074623252503657 0.6833758923598932 0.1159380382334075 0.14837543610963866
0.0 0.4123283472713119 0.5101046046809496 0.2501902268363164 0.10467012258804942
4.0 0.840706410812205 0.5403079941872851 0.17039612626180634 0.11497624509074278
3.0 0.9408914136061644 0.7349004539648932 0.036712594216502636 0.19604990671792666
8.0 0.8299794900473647 0.7522720895237289 0.1550604019201418 0.25650409286228326
5.0 0.6454128984503884 0.8856306485921595 0.19093417816800995 0.06904469736144414
2.0 0.4008919970169952 0.8919353941504593 0.20706705981644452 0.06200779302948678
9.0 0.4216674339801723 0.6769186279348831 0.24470083000113363 0.2365006952694163
6.0 0.6347930748841593 0.6797382078407151 0.2442862444530608 0.3734494692803893
