1.0 0.17687499523162842 0.6158639937639236 0.03624999523162842 0.5722590386867523
7.0 0.0715629979968071 0.5867940187454224 0.10562500357627869 0.14867103099822998
0.0 0.3918749988079071 0.3961789906024933 0.2475000023841858 0.10298997163772583
6.0 0.6221879720687866 0.558139979839325 0.24187493324279785 0.37375402450561523
4.0 0.8259369730949402 0.4011630117893219 0.18437504768371582 0.1162790060043335
3.0 0.9318749904632568 0.6183549761772156 0.03750002384185791 0.21013295650482178
8.0 0.8306249976158142 0.6357970237731934 0.17750000953674316 0.2666109800338745
5.0 0.635312020778656 0.7765780091285706 0.20562493801116943 0.07142901420593262
2.0 0.38499999046325684 0.8031560182571411 0.2174999713897705 0.07142901420593262
9.0 0.40937499701976776 0.5631229728460312 0.23249998688697815 0.2308969795703888
