0.0 0.499794762071894 0.42329177436220045 0.20442293196679162 0.1611773269596128
1.0 0.3673813345086207 0.6418300540902258 0.09988234203272761 0.357717445795612
2.0 0.5590775442228421 0.7618695454082266 0.1856861952575819 0.1320695802905243
3.0 0.9209043601142355 0.4855553193959332 0.06648404718057532 0.18588718585389374
4.0 0.8275440223036725 0.342905179132705 0.14201354988830472 0.15457979610266154
5.0 0.7486774691709712 0.684666842544483 0.17747127900216364 0.12465248654021255
6.0 0.7005963449303582 0.5016891723947152 0.2562130730247727 0.3799250569884376
7.0 0.29143743662166616 0.6486792845134199 0.09954862873348905 0.13567849838153423
8.0 0.8574816778919283 0.5176961579180139 0.1504007968168658 0.2577009026003171
9.0 0.5254633702229681 0.5478448636585468 0.2164972431390425 0.24917706039550597
