0.0 0.3698976182465396 0.43677907512075603 0.2667374182636889 0.1820976287805055
1.0 0.21337423052481036 0.7118075701525005 0.16938055113900222 0.576384859694999
2.0 0.4474941723320581 0.8506555589301072 0.23092518753069052 0.1404300003247484
3.0 0.9463692437564633 0.49105207530279493 0.07694412236020054 0.2213115547144205
4.0 0.8082607023169672 0.31211924041743144 0.20739294020965804 0.1808311585936718
5.0 0.6869171789622079 0.7378944505768857 0.2152082583511592 0.1349444822662227
6.0 0.6270944930829567 0.5234818043453657 0.3196975456672616 0.45861054417712216
7.0 0.08261197120024891 0.7242510133375297 0.12962654419278885 0.17463072620678843
8.0 0.8461017472205686 0.5264764486169619 0.22005812332835673 0.3303454120172023
9.0 0.40551539608652426 0.5973815452956973 0.2763251835901944 0.3103453971225352
