0.0 0.377896006973486 0.3548132254316295 0.24766555229657844 0.17842398298346812
1.0 0.2031281920400336 0.6182647496898419 0.12136702512875991 0.4311863553890171
2.0 0.4328793618953506 0.7241494230637844 0.2073195245630411 0.12913071146254995
3.0 0.8918623843819788 0.44112655076698887 0.07899043772991743 0.19576157524748783
4.0 0.7780655579709213 0.2685874766470885 0.1798917477116594 0.15259146248806318
5.0 0.6545483456666008 0.6525078296160618 0.1952972433126715 0.1261246568997597
6.0 0.6080743143719816 0.4558704902292444 0.2813823862413237 0.41036961894627577
7.0 0.11299493915817159 0.6115396599644851 0.11359454905047203 0.1447801495943064
8.0 0.8012055146004302 0.4640075898743661 0.20587136041234233 0.2989054910214373
9.0 0.41180431621304214 0.5041871938135433 0.24953864318249236 0.2698507046954605
