0.0 0.4204434349974536 0.37832185143147656 0.28112382313840373 0.18633130434367678
1.0 0.19435437170336875 0.5514101475884893 0.13196267403681367 0.5789514001102265
2.0 0.3520785646039939 0.7933582339966855 0.23908481826175593 0.1304536769049256
3.0 0.9294356195363187 0.7495847198512409 0.06980043413091774 0.2388471781055984
4.0 0.8576106523001579 0.5104070861979475 0.21122218618464383 0.1784208909748744
6.0 0.632003602386353 0.6053877406498662 0.3039400000894501 0.43782591336683224
5.0 0.6175325976849706 0.8279513797295122 0.22958310196170417 0.12607661520277136
7.0 0.07020948729155123 0.48172819973355185 0.14041897458310246 0.18246188922529044
9.0 0.40314127236787367 0.5430791409793567 0.28672037329143846 0.3076555915559376
8.0 0.8253250673603004 0.7268647133084163 0.21445435056321105 0.32961144630379835
