0.0 0.4867033873123444 0.4041217812556597 0.18638579720680215 0.12846787815361488
1.0 0.3594180274610125 0.5927671896481674 0.08758975611197856 0.4076682765383196
2.0 0.5229258637815677 0.7168956401363731 0.1555643110976454 0.09924529763106571
3.0 0.8839731444422736 0.4984156011667847 0.04727076178444922 0.15866910499431508
4.0 0.8033902448130918 0.3600781539601854 0.12841335766220163 0.12372657426369332
5.0 0.7039624762329288 0.6637583973890353 0.1651248436341859 0.10407752863734432
6.0 0.6725522577444414 0.49361844301296975 0.22503619523435137 0.34160284605227514
7.0 0.286358728407668 0.5938166585587962 0.08409705879829046 0.11542764072579503
8.0 0.8223877389095446 0.5236637608516715 0.13949338244602694 0.2202901413341743
9.0 0.5106234907714734 0.5227203652362664 0.19690967499042045 0.21307680852857908
