0.0 0.4409163534653089 0.4244885278393195 0.2677954206180251 0.17005718747710963
1.0 0.24988223472240617 0.6866642573466204 0.14150790302377214 0.5707580173840298
2.0 0.4862599077554735 0.8225022454036439 0.23009107260851558 0.12245316882036728
3.0 0.9798250615737183 0.5350058990261841 0.040349876852563304 0.23980543187553954
4.0 0.8823659064082688 0.34595994982769646 0.22032193420596147 0.17645636314906388
5.0 0.7254415347919466 0.7540094321039248 0.21331543942341713 0.11941451438957817
6.0 0.6909773870537629 0.5354097220115859 0.2798472460144634 0.43393097878770537
7.0 0.13112624946867346 0.6861511624966679 0.13666029613494468 0.15736263825694252
8.0 0.8923072083465564 0.5593656912341479 0.19124974498336245 0.31281979965474505
9.0 0.464107638641928 0.5893394458234634 0.27985382857506036 0.28070527848505455
