0.0 0.3799999877810478 0.40240898728370667 0.26374997198581696 0.11378699541091919
2.0 0.37968799471855164 0.8297340273857117 0.22312498092651367 0.06976699829101562
3.0 0.971875011920929 0.6395350098609924 0.039999961853027344 0.22259104251861572
4.0 0.8687499761581421 0.4057309925556183 0.21000003814697266 0.14036500453948975
6.0 0.6334369778633118 0.5805649757385254 0.2618750333786011 0.400331974029541
1.0 0.1484380066394806 0.6303990036249161 0.05187499523162842 0.5863790214061737
7.0 0.06000000052154064 0.6013290286064148 0.09625000134110451 0.13122904300689697
9.0 0.39531299471855164 0.5768269896507263 0.2318750023841858 0.25
5.0 0.6478130221366882 0.8122919797897339 0.22187495231628418 0.07142901420593262
8.0 0.8559380173683167 0.6436880230903625 0.1956249475479126 0.302325963973999
