0.0 0.3388399407221112 0.20386860632428966 0.31275579654834545 0.2478626249005563
1.0 0.14647729747557087 0.5227135765703315 0.18299552772386377 0.7354816299489929
2.0 0.4115133136276939 0.6855683938139299 0.26516826202880417 0.15351137877046228
3.0 0.9543090646332465 0.3044013332586593 0.07962761713414745 0.228434676062635
4.0 0.8226044459658272 0.1214018574885885 0.20483689937196115 0.1794830251242272
12.0 0.6996907383040196 0.576746521355104 0.23237999422895517 0.14288082781594835
6.0 0.6380334665945026 0.33726713098760647 0.34212188702049223 0.49490954554034106
7.0 0.0438726435867053 0.5259311145964481 0.0877452871734106 0.1765597739435965
8.0 0.8555679383208714 0.35351321754157833 0.2328954912902529 0.35097797138113507
9.0 0.3810956965593958 0.4077475986771099 0.3345760311548558 0.3573840899426953
