0.0 0.44218799471855164 0.41484901309013367 0.23906296491622925 0.10903400182723999
1.0 0.26875001192092896 0.6121500134468079 0.04218798875808716 0.5202490091323853
2.0 0.43906301259994507 0.7907580137252808 0.2015630006790161 0.06334400177001953
3.0 0.955469012260437 0.6474559903144836 0.035936951637268066 0.21495306491851807
4.0 0.8601559996604919 0.43146398663520813 0.1859380006790161 0.11941802501678467
5.0 0.6675779819488525 0.7892000079154968 0.1992189884185791 0.0768430233001709
6.0 0.6636719703674316 0.578401044011116 0.22734403610229492 0.35929402709007263
7.0 0.14101600646972656 0.5726900100708008 0.08828100562095642 0.1318800449371338
8.0 0.8519530296325684 0.6438210010528564 0.1617189645767212 0.2741429805755615
9.0 0.45234400033950806 0.5659400224685669 0.21406197547912598 0.2118380069732666
