1.0 0.09656199812889099 0.5664449781179428 0.043125003576278687 0.6744189560413361
7.0 0.02437499910593033 0.5161960124969482 0.04749999940395355 0.18023300170898438
9.0 0.37812500447034836 0.5120429843664169 0.26999999582767487 0.25498297810554504
2.0 0.3515619859099388 0.7877910137176514 0.25187499821186066 0.07724297046661377
0.0 0.3684369921684265 0.32724300026893616 0.28187501430511475 0.10465097427368164
4.0 0.8503130078315735 0.3646180033683777 0.19312500953674316 0.11960101127624512
3.0 0.9653130173683167 0.5971760153770447 0.03562498092651367 0.22092998027801514
8.0 0.8590620160102844 0.6092190146446228 0.18687498569488525 0.30481696128845215
6.0 0.6278120130300522 0.5211790204048157 0.28437498211860657 0.40448498725891113
5.0 0.6415629982948303 0.7616279721260071 0.2268749475479126 0.07308995723724365
