0.0 0.38297672209943834 0.2774534074833339 0.24640202371673975 0.11927995998983787
7.0 0.055359253707491944 0.4305522495371611 0.10999746009778537 0.12974194271959044
1.0 0.18250073908706105 0.47333844371878286 0.06350581883098314 0.559415546076254
9.0 0.3815021598729494 0.43789585358266403 0.22434652387966014 0.23005128905489386
2.0 0.35882164799469235 0.6703734073664537 0.21202147285163697 0.0712438517045264
5.0 0.6015355040735404 0.6743867754101713 0.20281008623909857 0.08874017102953646
6.0 0.6043752965356508 0.4595583336019638 0.25396826030740804 0.3860191429820027
3.0 0.8964993400112966 0.545881037532181 0.04819940958049951 0.2127415879926815
4.0 0.8106720555061142 0.3331548327821041 0.18944945070628594 0.12576548625670347
8.0 0.7882678538098609 0.5369526723308763 0.1790022393164642 0.29030898437808994
