1.0 0.1862500011920929 0.5701829940080643 0.046249985694885254 0.6137870252132416
7.0 0.051874998956918716 0.5469269752502441 0.10249999910593033 0.16196000576019287
9.0 0.41468702256679535 0.5303160101175308 0.24937501549720764 0.24501702189445496
2.0 0.39625000953674316 0.7828069925308228 0.22249996662139893 0.06229197978973389
0.0 0.3996869921684265 0.35423600673675537 0.2693749666213989 0.10880398750305176
4.0 0.8675000071525574 0.3907809853553772 0.1937500238418579 0.12209302186965942
3.0 0.9621869921684265 0.6021590232849121 0.02937495708465576 0.21096301078796387
8.0 0.8550000190734863 0.625415027141571 0.16999995708465576 0.2823920249938965
5.0 0.6584380269050598 0.7682719826698303 0.20812499523162842 0.06810605525970459
6.0 0.6381250023841858 0.5373749732971191 0.2562500238418579 0.3970099687576294
