1.0 0.1742199498434988 0.5328327524415251 0.055789502485084214 0.5985208137187191
7.0 0.07379441471210402 0.4902011747958599 0.09935073859445936 0.15869142232685024
9.0 0.41534075835686357 0.48161026344274316 0.23719485173110483 0.2449144899469931
2.0 0.3922341892888424 0.7279681975414718 0.2161968658406178 0.07076504811863604
0.0 0.40533640970468787 0.3113413219349789 0.25636256195276336 0.1120214699148469
4.0 0.8471751292631868 0.35202458107884965 0.1829072920634608 0.12267646157990619
3.0 0.9413431122187874 0.5651763851365386 0.03659616682448785 0.2045733871262077
8.0 0.8406638174613407 0.5815260390006869 0.17351371357543566 0.2758305591439676
6.0 0.6324003368138414 0.49184313229305 0.25714882180112353 0.3982850381578525
5.0 0.6463036488015164 0.7166727174822862 0.20746674992745273 0.07128286420421848
