0.0 0.37493929252924535 0.416001225441352 0.2551059690908756 0.12188554212560976
1.0 0.155870876205706 0.6623846196726834 0.053082997217447775 0.5839288450431672
2.0 0.37905172660750047 0.831587611705968 0.22729560597993548 0.08492156868828926
3.0 0.9598325359902468 0.6166235379925789 0.043235145654508145 0.22628761745061465
4.0 0.8360712074039894 0.39583021669758334 0.21681185698572114 0.1608261140614809
5.0 0.6391790131715868 0.800897028081694 0.21529877564148192 0.0976054915159209
6.0 0.6140184609519596 0.5706715676894158 0.25336240123845727 0.3959992862479284
7.0 0.06071115074654028 0.6372886479633499 0.11550750430403514 0.13674791084727012
8.0 0.8425786574727596 0.629329509791105 0.20286706182673597 0.3130849364623928
9.0 0.38686261925146936 0.5831372421764938 0.2555265865161227 0.24091536403753022
