0.0 0.35100721437914095 0.4230481783649286 0.2594747794326397 0.1577225020130339
1.0 0.18731827587456568 0.6748950409244202 0.08852816435103958 0.4415706432830689
2.0 0.38991658989053124 0.8012070624801727 0.2070284743983511 0.09989385376082138
3.0 0.8631891279211956 0.540117248260273 0.04896026841362988 0.19281865621253502
4.0 0.7612746801181262 0.3651713102876495 0.18236977843144309 0.15438938993170287
5.0 0.6197327651969977 0.7348018067202912 0.18919698696224674 0.0971413152733418
6.0 0.5823610322144201 0.5381675659355133 0.2638737903959061 0.39464449345851854
7.0 0.06818168005428524 0.6608580548405529 0.08913253510843933 0.13659986415594683
8.0 0.7746333002373462 0.5590363909954161 0.19374813807195668 0.2819064851012418
9.0 0.3822735512545079 0.576807750550673 0.23917590522992427 0.2668791930885276
