1.0 0.1798211031114759 0.5817160828547404 0.10116567122008657 0.5654972894114965
7.0 0.06397081654389916 0.5635515080259463 0.10709845414233504 0.16917590065489457
9.0 0.3873758998274782 0.48249004461998835 0.23828445398314518 0.2622444444075421
2.0 0.39453214909074785 0.7168420636164847 0.20670018506018067 0.10155482445065789
0.0 0.3600802327470468 0.3261362767812789 0.25111999130144286 0.14291801505244733
6.0 0.5977519042157708 0.44564355655290167 0.27545669466463923 0.4126944684225413
5.0 0.6342071168630925 0.6527055120607611 0.19882879632200146 0.10169413835320995
3.0 0.8965021027441442 0.4476192315846238 0.04603578198796954 0.1940278183528596
8.0 0.8061126490648727 0.485081588194167 0.19164845409956355 0.28012171927779383
4.0 0.7820917289691274 0.2673051071477542 0.18240475516915056 0.14134696924849413
