0.0 0.41522186586295146 0.30918166965500127 0.25346409640698664 0.14070063083412915
1.0 0.20358481415301033 0.4841559808067126 0.08529139939257163 0.5621638473276789
2.0 0.3742798303005299 0.7080306805832883 0.2127709513283625 0.08662273990073
3.0 0.9265969113997485 0.6368558409710555 0.05072962662937752 0.21946996120598739
4.0 0.8501469302772066 0.41007455400905723 0.19595797905384305 0.1428787376727984
5.0 0.6170045261453024 0.734393758750714 0.20357950060405283 0.10158768092751225
7.0 0.07134325715252303 0.4334495242902817 0.1249752080927858 0.16754886364694227
9.0 0.41405095588538754 0.4711160364473962 0.24876242075132288 0.25418664378634914
6.0 0.6275591373978817 0.5161778213392293 0.26302040879984384 0.4038865925260306
8.0 0.821471880461442 0.6231281225208303 0.19853460643344711 0.3145186773263479
