1.0 0.15787613661014455 0.5623173692828434 0.0336638730468973 0.5891796023978589
7.0 0.07293357320659583 0.5217215663973953 0.1091499466065935 0.16646473860647581
0.0 0.3989670207387962 0.3345767892835567 0.2543668080956812 0.10328350001880787
4.0 0.8419189450740168 0.35462605429327876 0.1863267743652176 0.11582327104954665
3.0 0.9351564182049514 0.5728777865339733 0.03185935624871117 0.19883481813612364
8.0 0.8436275756623649 0.5788669598716116 0.17791357368106464 0.2701999957249269
5.0 0.650174177953874 0.7280082377448375 0.20040156916945473 0.06781085573784185
6.0 0.6315740174408908 0.5010459422421615 0.246796112317624 0.3930375307565553
9.0 0.41502614768145685 0.5046720767644681 0.2414442937622019 0.23601883016689607
2.0 0.39748613509895225 0.7494742395472014 0.21852074594761423 0.06717920336079164
