0.0 0.3914846977372891 0.32153690327436135 0.26269140307374644 0.11819320909258724
1.0 0.1733271502984352 0.5195527645797491 0.06729793829993752 0.5654617253349719
2.0 0.358755548646319 0.7348201592930933 0.22118362475108838 0.07173251020804217
3.0 0.9265855789055351 0.6101482591149847 0.03725711902378903 0.20845147499088312
4.0 0.8364481494354636 0.3895939911313632 0.18077965790479011 0.12716198824466585
5.0 0.620830349669286 0.746164060213511 0.21341889831514693 0.08118180017095744
6.0 0.619379980077073 0.5124281791434027 0.2726749458237382 0.40110529368488923
7.0 0.04741110811328233 0.46181701173922673 0.09247842177841926 0.1315933070153817
8.0 0.8236469663043618 0.6016538832227907 0.16472557439337154 0.29007167366121916
9.0 0.39028176360906996 0.4885893876399683 0.25266521779395856 0.24008734797440018
