1.0 0.21113723912822557 0.5014020984470868 0.09962329376862841 0.6013311645489382
6.0 0.6493187976999464 0.5466034106871008 0.305463105382567 0.44494406936298175
0.0 0.4305842754121589 0.31987210955991013 0.27366391004911483 0.14964042353053372
3.0 0.9475647323975361 0.6848221897070736 0.04558997653767016 0.21719599985577964
2.0 0.37571689323877383 0.7442895492161454 0.23252482266446362 0.10469194882764332
5.0 0.6358902094624767 0.7831692688825453 0.2194618950122056 0.11033251598018445
7.0 0.06828490743749684 0.4371607432506932 0.13656981487499367 0.19473809680356918
8.0 0.8471125199592653 0.6761281087612863 0.1818297220896331 0.3080406768065701
4.0 0.8825468462367456 0.44784220487506254 0.1845248457722889 0.15325418184790696
9.0 0.4163453749488405 0.49285224192872523 0.26195139231158215 0.28359348792374445
