0.0 0.38718798756599426 0.28280699253082275 0.2618749737739563 0.10548198223114014
6.0 0.6306250095367432 0.4563950002193451 0.24500000476837158 0.38953500986099243
4.0 0.8415619730949402 0.3031559884548187 0.18812501430511475 0.1179400086402893
3.0 0.9340630173683167 0.5232559889554977 0.03437495231628418 0.20930197834968567
5.0 0.640625 0.683139979839325 0.2124999761581421 0.06395304203033447
2.0 0.38749997317790985 0.6955980062484741 0.22749999165534973 0.055647969245910645
9.0 0.39937497675418854 0.4526579976081848 0.23499998450279236 0.24252498149871826
1.0 0.1537500023841858 0.5083060264587402 0.052500009536743164 0.5880399942398071
7.0 0.051249999552965164 0.46968400478363037 0.10125000029802322 0.14036500453948975
8.0 0.8306249976158142 0.527409017086029 0.16999995708465576 0.2857140302658081
