0.0 0.3868750035762787 0.3878740072250366 0.24124997854232788 0.10132896900177002
1.0 0.16093799471855164 0.6054819822311401 0.03937500715255737 0.5598009824752808
2.0 0.3803119957447052 0.7794849872589111 0.21187502145767212 0.06063103675842285
3.0 0.8978130221366882 0.6162790060043335 0.03437495231628418 0.200996994972229
4.0 0.8103119730949402 0.4206809997558594 0.18312501907348633 0.11544901132583618
5.0 0.6215630173683167 0.7695180177688599 0.19937503337860107 0.07225894927978516
6.0 0.6043750196695328 0.5531560182571411 0.23125001788139343 0.3621259927749634
7.0 0.07249999791383743 0.5544019937515259 0.09125000238418579 0.12541496753692627
8.0 0.8028129935264587 0.6208469867706299 0.15812504291534424 0.25664496421813965
9.0 0.39875002205371857 0.5510799884796143 0.21625003218650818 0.21511602401733398
