0.0 0.4050000011920929 0.3426080048084259 0.2787500023841858 0.10548198223114014
1.0 0.16625000536441803 0.5768269747495651 0.03999999165534973 0.6254149973392487
2.0 0.39500001072883606 0.781561017036438 0.23750001192092896 0.07475101947784424
3.0 0.9784370064735413 0.6038209795951843 0.0393749475479126 0.22923600673675537
4.0 0.8790619969367981 0.37624600529670715 0.19812500476837158 0.1312289834022522
5.0 0.6693750023841858 0.7691029906272888 0.21375000476837158 0.07308995723724365
6.0 0.6518750190734863 0.5290700197219849 0.26374995708465576 0.400331974029541
7.0 0.057812999933958054 0.5157809853553772 0.11437500268220901 0.1478409767150879
8.0 0.8650000095367432 0.5984220057725906 0.16999995708465576 0.27657803893089294
9.0 0.4143750071525574 0.5232560038566589 0.23874998092651367 0.24584698677062988
