7.0 0.07868990049326566 0.4028723622840928 0.12346307283145382 0.17243779243776425
1.0 0.21990709320211965 0.46732384200634136 0.10400082150626497 0.5858532268573142
2.0 0.37866365988904793 0.7028701069786694 0.2300943525996158 0.10635438569826328
9.0 0.4231061033988557 0.4618934620871007 0.2652893286799433 0.27793622142205293
0.0 0.42715642397388826 0.2871508687603708 0.26537945299526633 0.15115350471656683
4.0 0.8685282401419845 0.3996436145496888 0.1955227149436789 0.14757061116672615
6.0 0.6469903515610128 0.5080720233595818 0.2955282881316314 0.4324732021304148
5.0 0.6388692767765793 0.7353365774986349 0.22450941738580144 0.1156674776956712
8.0 0.838958453378351 0.6293241215364809 0.23849488818414988 0.3078721660780709
3.0 0.9470436061020469 0.6321107981098574 0.06791467498999193 0.21506322801270206
