0.0 0.3956249952316284 0.30814000964164734 0.26374995708465576 0.11129599809646606
1.0 0.20781299471855164 0.5294850021600723 0.046875 0.5905320346355438
2.0 0.39250002801418304 0.7296509742736816 0.23375001549720764 0.07558095455169678
3.0 0.9559370279312134 0.5419440418481827 0.056874990463256836 0.22342202067375183
5.0 0.6540619730949402 0.7134550213813782 0.21937501430511475 0.07142901420593262
6.0 0.6431249976158142 0.48546499013900757 0.2487499713897705 0.37624597549438477
7.0 0.07593799941241741 0.5087209939956665 0.11437499895691872 0.14202702045440674
8.0 0.8412500023841858 0.5535709857940674 0.16624999046325684 0.29152798652648926
4.0 0.849062979221344 0.3268269896507263 0.19062495231628418 0.14036500453948975
9.0 0.4099999964237213 0.4817279726266861 0.23750001192092896 0.23587998747825623
