0.0 0.3785160034894943 0.44392499327659607 0.24765601754188538 0.10695701837539673
1.0 0.1953119933605194 0.6568020135164261 0.04843801259994507 0.561786025762558
2.0 0.3792969882488251 0.8478710055351257 0.2226560115814209 0.06957399845123291
3.0 0.9074220061302185 0.6578400135040283 0.04140603542327881 0.22741401195526123
4.0 0.807030975818634 0.4517130106687546 0.1890619993209839 0.13291803002357483
5.0 0.6253910064697266 0.8193150162696838 0.2070310115814209 0.07061302661895752
6.0 0.6109380125999451 0.6017649918794632 0.24531197547912598 0.3686400353908539
7.0 0.07617200165987015 0.6303219795227051 0.09609399735927582 0.13291800022125244
8.0 0.8054689764976501 0.6749740242958069 0.1546880006790161 0.26791298389434814
9.0 0.38984400033950806 0.6048809885978699 0.234375 0.2294909954071045
