0.0 0.32656198740005493 0.29941898584365845 0.2318750023841858 0.11046499013900757
1.0 0.15312500298023224 0.5012459754943848 0.04625001549720764 0.5041530132293701
2.0 0.32218799740076065 0.6706809997558594 0.2068750113248825 0.07225894927978516
3.0 0.8109369874000549 0.5103819966316223 0.04187500476837158 0.20515000820159912
4.0 0.7149999737739563 0.3313950002193451 0.17750000953674316 0.11295700073242188
6.0 0.5396869629621506 0.45058099925518036 0.22187498211860657 0.3430229723453522
9.0 0.33781298995018005 0.44518300890922546 0.21562498807907104 0.1993359923362732
7.0 0.048124998807907104 0.460547998547554 0.0949999988079071 0.12043198943138123
8.0 0.7231249809265137 0.5195180326700211 0.15875005722045898 0.24501702189445496
5.0 0.5465620011091232 0.6536539793014526 0.20562496781349182 0.06312298774719238
