1.0 0.226245433792691 0.4486027570869928 0.04733867812892667 0.5269437775166081
7.0 0.12659096327738228 0.4188688291859469 0.08566812172078504 0.14541125025678858
0.0 0.4068058224040205 0.27693381783448606 0.2303928405815147 0.10098471086544916
4.0 0.8062647390602012 0.33023016826571927 0.17562424343538985 0.11895694323988532
6.0 0.6062344643734552 0.4440939433254807 0.23173371601692705 0.35845861320051364
5.0 0.6113472169710213 0.6460756274745987 0.18129109208930094 0.0696678923397176
9.0 0.4121655995392089 0.42945391945314915 0.21541920195699038 0.21919146791198812
2.0 0.383363016243749 0.6433771406358397 0.19412680318402892 0.06304918809793525
3.0 0.886081507086312 0.5170906328662739 0.03555723939588584 0.1885144327083722
8.0 0.79120348204478 0.536311449499287 0.16544618894173502 0.2490617944743208
