1.0 0.24930857817189161 0.5931517620029517 0.09211416081037369 0.5068481840399628
7.0 0.16095134761502383 0.571568689981413 0.09879478007133251 0.14064737340914346
0.0 0.42716710157156546 0.37995492756272964 0.2228414009937325 0.11687422011529436
4.0 0.8188036854029048 0.33806764018429414 0.17535069425932026 0.1307957843359459
3.0 0.9249131225660808 0.5165693397594238 0.04514283523338558 0.19245598991617258
2.0 0.44460659405547664 0.7324044278793318 0.1983973540553014 0.08439108956459584
9.0 0.44509717397684107 0.5221932118439543 0.22303822442212062 0.23448295286197374
5.0 0.6710111179254926 0.6952331135123184 0.1860090680427129 0.09528530124286805
8.0 0.8365665328967828 0.5447952703879553 0.18332796585208688 0.2789014972298773
6.0 0.6399237683336648 0.4974391783631683 0.25456510060201576 0.37356823075664014
