1.0 0.19218799471855164 0.7093020230531693 0.036875009536743164 0.5481730401515961
7.0 0.0800000000745058 0.6939370036125183 0.11625000461935997 0.15365397930145264
9.0 0.424686998128891 0.6764950156211853 0.24187499284744263 0.2300659418106079
2.0 0.40562500059604645 0.8949339985847473 0.20500001311302185 0.06063103675842285
0.0 0.41312500834465027 0.5116279721260071 0.24250000715255737 0.09966802597045898
4.0 0.840624988079071 0.5282390117645264 0.17375004291534424 0.10797297954559326
3.0 0.9424999952316284 0.7213460206985474 0.033750057220458984 0.1968439817428589
8.0 0.8359379768371582 0.7450169920921326 0.15062499046325684 0.24584698677062988
5.0 0.6534379720687866 0.8820599913597107 0.18937504291534424 0.06312298774719238
6.0 0.6378129720687866 0.6756640076637268 0.2406250238418579 0.3696010112762451
