0.0 0.3789595168307892 0.2812808092503672 0.2448178404508205 0.11159883385789429
7.0 0.0542250986266842 0.44486765146123375 0.10788883988912877 0.12649958604745187
1.0 0.18210829336695958 0.4835537595695212 0.05341185376878438 0.5587255955635919
9.0 0.38040623770985843 0.44172370296096675 0.2206791255290771 0.2233539811505585
2.0 0.3619646133026073 0.6748623860841236 0.21123347213451832 0.06455789079209562
5.0 0.6046804938791693 0.6710713969106972 0.20167906885135345 0.08239491941653854
6.0 0.6036085076885432 0.4562145337047226 0.2475156836689742 0.37874394208363216
3.0 0.8972185538382951 0.5331202659817583 0.04441941728722554 0.2117011335566124
4.0 0.8075437134174674 0.32321564625596844 0.18760750924258107 0.11994283115215193
8.0 0.788856204696151 0.5276741259809516 0.17412025739517611 0.2852257517570568
