0.0 0.4348196196644313 0.2216098654738911 0.2675052874087427 0.14972703634598003
1.0 0.21943423837185155 0.42362706197678435 0.09645517974378859 0.5891709591408985
2.0 0.38493650498751864 0.6426622172607712 0.2391784224136062 0.10921552455813377
3.0 0.9256885375789043 0.5649324297210419 0.06904584904586042 0.21435160063066766
4.0 0.8514578322229782 0.33732779301294946 0.172385348198565 0.16169124536925666
5.0 0.6499142658003771 0.675312407809508 0.2233269355551596 0.11539483989538724
6.0 0.6613962006399915 0.4444620473916766 0.2916577297282046 0.434902735850184
7.0 0.10069277117708382 0.37135371097911357 0.11699270221255073 0.13109578174201264
8.0 0.839074704432861 0.5483417472023185 0.15157115877982552 0.29821034608337166
9.0 0.430008933892959 0.3937265065097816 0.2668464357939397 0.2929562384974878
