9.0 0.4300000071525574 0.3646180033683777 0.25 0.2342190146446228
0.0 0.4140619933605194 0.19642899930477142 0.25437504053115845 0.10880401730537415
1.0 0.22843699902296066 0.4132060110569 0.0456249862909317 0.5755810141563416
2.0 0.3999999910593033 0.6083890199661255 0.2187499701976776 0.06395304203033447
3.0 0.9649999737739563 0.4389530122280121 0.04375004768371582 0.2167770266532898
4.0 0.869687020778656 0.2159469947218895 0.19437503814697266 0.12458498775959015
5.0 0.6637499928474426 0.5959299802780151 0.22249996662139893 0.07059800624847412
6.0 0.6503120064735413 0.37001698464155197 0.2618750333786011 0.39285697042942047
7.0 0.09218800067901611 0.382889986038208 0.1106249988079071 0.1495019793510437
8.0 0.8528119921684265 0.4439370185136795 0.16312503814697266 0.27657803893089294
