0.0 0.34281298518180847 0.3305650055408478 0.24437499046325684 0.12126201391220093
1.0 0.171875 0.5224249809980392 0.058750003576278687 0.5016609728336334
2.0 0.34281298518180847 0.6893690228462219 0.2056249976158142 0.06810605525970459
3.0 0.8271870017051697 0.5373749732971191 0.044374942779541016 0.21096301078796387
4.0 0.7390620112419128 0.3417769968509674 0.16812503337860107 0.12209302186965942
5.0 0.5709369629621506 0.6910300254821777 0.19062498211860657 0.0797339677810669
6.0 0.5578129887580872 0.4833889901638031 0.2281249761581421 0.3504980206489563
7.0 0.06968700140714645 0.5 0.109375 0.1295679807662964
8.0 0.739687979221344 0.5502489805221558 0.14437496662139893 0.24003303050994873
9.0 0.3528119921684265 0.482558012008667 0.22062498331069946 0.21594703197479248
