1.0 0.24250000715255737 0.5506640076637268 0.04500001668930054 0.5033220052719116
7.0 0.15687499940395355 0.5145350098609924 0.08750000596046448 0.12707602977752686
0.0 0.4390629976987839 0.3687709867954254 0.21687498688697815 0.0813949704170227
4.0 0.8315619826316833 0.392441987991333 0.16687500476837158 0.10382097959518433
3.0 0.9200000166893005 0.5872089862823486 0.027500033378601074 0.18936896324157715
2.0 0.4231249988079071 0.7213460206985474 0.19499999284744263 0.05232596397399902
9.0 0.44343701004981995 0.5128740221261978 0.2056249976158142 0.2018270194530487
5.0 0.6512500047683716 0.7221760153770447 0.1812499761581421 0.06561505794525146
8.0 0.8296880125999451 0.6004980206489563 0.16062498092651367 0.2541530132293701
6.0 0.6390619874000549 0.5207640081644058 0.22437500953674316 0.33887001872062683
