0.0 0.3966273089498117 0.25635209811786763 0.28035461625127917 0.15825983382411252
1.0 0.18185445650853746 0.4818251843706558 0.05812168216712488 0.6253480615012237
2.0 0.37776645843822454 0.7162655517754819 0.24105928013036976 0.09568267342968129
3.0 0.9740198079164393 0.5555618551511501 0.04482066500690074 0.22527007615280703
4.0 0.8778158340837929 0.3127106999327298 0.20116751264488952 0.13747437733762818
5.0 0.6550073592688381 0.7114833356860424 0.2256962248053821 0.08243720141774713
6.0 0.6497936094617733 0.46931823667764866 0.2884559689772981 0.42714742547903095
7.0 0.05615719672803416 0.4306638255021945 0.11231439345606832 0.1716952901759738
8.0 0.8683658804672107 0.5536802679490929 0.18203795652153076 0.3096275563319721
9.0 0.3969470693520166 0.4429805490024265 0.2543286526208491 0.2670747303640223
