1.0 0.1994977019818715 0.6503244966764217 0.056804029996153055 0.5869801319452073
7.0 0.05576784774329307 0.6025509824302873 0.10433452226405952 0.15075210375585457
9.0 0.3934509475270741 0.6002763027161531 0.23990259033211597 0.2437777753523377
2.0 0.3706438080189679 0.8495196119983089 0.221201044319507 0.06886537045743979
0.0 0.3823969142563479 0.42911204479004006 0.2539283772273901 0.11074360843446662
6.0 0.6120871545258637 0.6097333994504301 0.2656597171072158 0.3982151483010491
5.0 0.6237443250887624 0.8407441941872729 0.20947199876746903 0.07506190894120734
4.0 0.8364179532269578 0.4690113474980431 0.1924487811956871 0.12585598316719598
3.0 0.9363405159195408 0.6950284949466903 0.03881027401476256 0.2105088193154685
8.0 0.8321169786173415 0.7006703257578738 0.19226660929610284 0.29342228512034296
