9.0 0.4134273319843522 0.374024877942843 0.2578406166555281 0.10543819631491674
1.0 0.1772590187079121 0.5882178136056271 0.05008809325222943 0.5904373973665351
2.0 0.4101530405574143 0.7894648400857925 0.22542446730629356 0.05721549365056666
3.0 0.9403529796126149 0.6079290666956383 0.030578552746910903 0.20704774062689013
4.0 0.8476301690305033 0.39792612945746175 0.17909063485098364 0.12299967519139343
5.0 0.6572648642349825 0.7687924927498442 0.20449145851654826 0.07664238251333055
6.0 0.653082689674551 0.5419442270395477 0.2351136146376983 0.38543808034347277
7.0 0.08025402809812207 0.5729904187199883 0.1183254092743457 0.14289421030785243
8.0 0.8415769714244741 0.6150553837033249 0.16153633586309413 0.2701787280026307
9.0 0.4210230914371516 0.5400738183139048 0.2464519080388644 0.24232335084580314
