1.0 0.21562500298023224 0.6079729646444321 0.04625001549720764 0.5813949406147003
7.0 0.08312500268220901 0.5743359923362732 0.10750000178813934 0.14534902572631836
9.0 0.42250001430511475 0.5610470175743103 0.23374998569488525 0.23504996299743652
0.0 0.40812501311302185 0.392441987991333 0.2524999976158142 0.10215902328491211
2.0 0.40187498927116394 0.8147839903831482 0.21250003576278687 0.05980098247528076
6.0 0.6431249976158142 0.5647839903831482 0.2537499666213989 0.3870429992675781
5.0 0.6568750143051147 0.7940199971199036 0.20749998092651367 0.06810605525970459
8.0 0.8550000190734863 0.6536539793014526 0.17250001430511475 0.28737497329711914
3.0 0.9590629935264587 0.6387040019035339 0.03562498092651367 0.20597994327545166
4.0 0.8618749976158142 0.41237500309944153 0.19124996662139893 0.12043201923370361
