0.0 0.45007313220807976 0.3046303420421149 0.2589889159817995 0.1759851985377693
1.0 0.24722070858515313 0.4575684586199779 0.1388999578158992 0.5374096873467374
2.0 0.37840192114454296 0.6938946658997961 0.2246754340409945 0.13221425678615462
3.0 0.9244933014600942 0.6739380215697063 0.07934762147746433 0.2108663701415594
4.0 0.8568823113856395 0.45229635430354576 0.19125292099940427 0.16457928244762515
5.0 0.6255392944274301 0.7477454935058915 0.2070957160500465 0.12043088934741508
6.0 0.6477815994702223 0.5360805407511231 0.2957302631931716 0.43443413210698884
7.0 0.10197760654544345 0.3710093262216538 0.1280249577030775 0.16525785463773712
8.0 0.8271677461068353 0.6521251823922223 0.19306104190216766 0.31079354043517665
9.0 0.4316896833004627 0.474368733641478 0.26258601429707007 0.2947177228949593
