1.0 0.22772549496892713 0.5165343784509329 0.062471692746147695 0.565820299792905
7.0 0.1005129445506329 0.4658420718967651 0.10534089057050516 0.16327448798293626
9.0 0.4313395281441871 0.48213341063750487 0.23770619828066325 0.2421488569460185
2.0 0.4013485640110821 0.7163720401773429 0.21344113534979137 0.0725135610412404
0.0 0.4301255457350048 0.3176628714882224 0.25238267417145954 0.12038262454962034
6.0 0.646213199794234 0.5069397969605884 0.26745541069417567 0.3965616610240149
5.0 0.6482359739469123 0.7330646391539761 0.20471925964641902 0.08498563762236866
4.0 0.8667630125875845 0.38034274358346953 0.18557357088668847 0.1262973702804241
3.0 0.9492590212049159 0.599947862491009 0.0382463052438774 0.20218633160600752
8.0 0.8508114589096747 0.6091098187976478 0.1791061823890724 0.2768252385619734
