1.0 0.17864907807148706 0.7235774957129502 0.13660285072610617 0.5528450085740997
7.0 0.07110262580701106 0.7264375739676259 0.11074064735786729 0.1768171518222913
9.0 0.4063890926315953 0.6084270703086783 0.2772944123756809 0.302251387599657
2.0 0.43395556463604457 0.8597819067068818 0.23347075342474222 0.13360235617853222
0.0 0.3671102244454596 0.44219939029125 0.26200387446298284 0.17593669519497906
6.0 0.6296734230350843 0.544286595480246 0.31285001921887434 0.4561267141679223
5.0 0.6843648535931255 0.758717034567284 0.21970799566351473 0.1310866658403098
8.0 0.8529407328901693 0.5490635096637203 0.2187119667632369 0.3127293536666141
4.0 0.8100480768261504 0.3247723895717424 0.20267957211695176 0.17154921761704
3.0 0.9458586173422332 0.5054991394372437 0.0665258915442305 0.21080479674526054
