0.0 0.48677000851160046 0.44045247112529184 0.18439671394683593 0.13672926281028247
1.0 0.38630038625140123 0.6315195932210299 0.11751440317805617 0.4044480858167048
2.0 0.5332153707555551 0.7447822558865558 0.15786001027756974 0.10783577833380331
3.0 0.8774804904747808 0.5112608638477938 0.05328319560501549 0.1595309635384627
4.0 0.7912476059695096 0.3763741597323794 0.1328390923962799 0.13405568529160933
5.0 0.709506662489692 0.6802353037454232 0.17159161015478253 0.12319532895692342
6.0 0.6666442403736601 0.521268071720137 0.2396378700448798 0.35078209338836747
6.0 0.29660699038771354 0.6423482751229372 0.0954030753156723 0.12071538366104351
8.0 0.8178889915747967 0.5415533743265932 0.14608803162956396 0.2337180304764192
9.0 0.5123814239518272 0.5520866832817454 0.1961097719427276 0.22313532117836532
