0.0 0.3709369823336601 0.3122920095920563 0.2693749815225601 0.09800702333450317
4.0 0.8331249952316284 0.34219300746917725 0.18375003337860107 0.11295700073242188
3.0 0.947812020778656 0.5660300254821777 0.043125033378601074 0.21511602401733398
6.0 0.8428120017051697 0.5764120221138 0.17687499523162842 0.29235899448394775
5.0 0.6324999928474426 0.7308970093727112 0.21875 0.07142901420593262
6.0 0.6193749904632568 0.492110013961792 0.27250003814697266 0.3978409767150879
9.0 0.38218799233436584 0.484219029545784 0.2618749737739563 0.24750801920890808
2.0 0.3621869906783104 0.7375419735908508 0.2356249839067459 0.06478404998779297
7.0 0.042500000447034836 0.4937709867954254 0.08375000208616257 0.17026597261428833
1.0 0.13343699276447296 0.5386210232973099 0.05312499403953552 0.6436880528926849
