1.0 0.1834380030632019 0.6382889747619629 0.04062500596046448 0.5872089862823486
7.0 0.05031299963593483 0.5959299802780151 0.09937500208616257 0.15863800048828125
9.0 0.3928129971027374 0.5813949704170227 0.24187499284744263 0.2491689920425415
2.0 0.37656301259994507 0.8309800028800964 0.22187501192092896 0.06561505794525146
0.0 0.3812499940395355 0.40448498725891113 0.2574999928474426 0.10797297954559326
4.0 0.8346880078315735 0.42691001296043396 0.19312500953674316 0.12126201391220093
3.0 0.9337499737739563 0.6507480144500732 0.03250002861022949 0.21511602401733398
8.0 0.8318750262260437 0.6619600057601929 0.16750001907348633 0.2823920249938965
5.0 0.6343749761581421 0.8131229877471924 0.20875000953674316 0.06976699829101562
6.0 0.617811992764473 0.5813949704170227 0.25312504172325134 0.39867103099823
