0.0 0.39140601456165314 0.4132919907569885 0.26875004172325134 0.12668699026107788
1.0 0.13710899651050568 0.6261679977178574 0.04140600562095642 0.5794389545917511
2.0 0.3792969882488251 0.8535829782485962 0.23359400033950806 0.08307397365570068
3.0 0.965624988079071 0.7097610235214233 0.03281295299530029 0.23156797885894775
4.0 0.8789060115814209 0.46469399333000183 0.2203119993209839 0.12980300188064575
5.0 0.6421880125999451 0.8577359914779663 0.21562504768371582 0.09968805313110352
6.0 0.6324219703674316 0.6131880134344101 0.2617189884185791 0.4267909824848175
7.0 0.06132800132036209 0.592939019203186 0.09453099966049194 0.14953303337097168
8.0 0.8511719703674316 0.7082039713859558 0.18046903610229492 0.30114197731018066
9.0 0.3980470150709152 0.5939769744873047 0.2460940182209015 0.2305300235748291
