1.0 0.20531299710273743 0.5423589944839478 0.03812500834465027 0.5498340129852295
7.0 0.06562499701976776 0.5024920254945755 0.10750000178813934 0.1528240144252777
9.0 0.38968800008296967 0.4946010261774063 0.22312501072883606 0.22342202067375183
2.0 0.37593701481819153 0.7304819822311401 0.20437496900558472 0.05730903148651123
0.0 0.38343700766563416 0.33762499690055847 0.2368749976158142 0.08886998891830444
4.0 0.7978129982948303 0.3662790060043335 0.1731250286102295 0.10797297954559326
6.0 0.5996879935264587 0.5020760148763657 0.2356250286102295 0.3612959682941437
5.0 0.612500011920929 0.7142860293388367 0.1937500238418579 0.06312298774719238
8.0 0.7984380125999451 0.5822259932756424 0.16187500953674316 0.2657810151576996
3.0 0.8968750238418579 0.5681059956550598 0.028749942779541016 0.19435203075408936
