1.0 0.2503747181985497 0.4694556125925856 0.11759921489133027 0.5668963976291799
7.0 0.1262240605874547 0.39603793020051403 0.12709866783884505 0.17598135894635275
9.0 0.4508107614064153 0.4757691563349643 0.2516158016765542 0.27580564007470926
2.0 0.40268417449267846 0.6991465867974869 0.2130558895825359 0.11579400230418246
0.0 0.4659928099480557 0.317926881712666 0.2498201478150961 0.15242150544883712
4.0 0.8713659596874355 0.45651906254132585 0.1774703798450058 0.1463806321419724
3.0 0.9313997335844449 0.6822833386641631 0.057122062166174326 0.1962632767879814
8.0 0.8408068890019523 0.6635515290327156 0.1970111301821551 0.29334506336313326
5.0 0.6392811168727737 0.7455956385612802 0.19727544004683062 0.11220089858437432
6.0 0.655805650634356 0.5384928937626088 0.28614615100372687 0.4175898235168795
