0.0 0.41074279844701167 0.3636641805354659 0.2636711580208131 0.14868706611899463
1.0 0.24541077534736055 0.6047448896898591 0.10076655833231304 0.5908284243129249
2.0 0.43594326062134137 0.7830188624463266 0.23000362877886144 0.10927042455831226
3.0 0.9726363845727952 0.5264452350579604 0.05472723085440945 0.22541604751974864
4.0 0.8598453845598787 0.3143828330012669 0.20324878549357983 0.16704244911478722
5.0 0.6958522014787577 0.7302361041995031 0.21955068777469955 0.11848839520801624
6.0 0.6628382473466111 0.5040769353508293 0.2907439465598005 0.43534014909168256
7.0 0.09768358120710238 0.6057930261055784 0.126222585364279 0.16421688898303155
8.0 0.872679178029508 0.5436678988327598 0.19132638686717984 0.310307884192955
9.0 0.43919361048629524 0.5298646046947293 0.2669876001908312 0.27754162525647047
