0.0 0.42034649838089166 0.3000004545254371 0.26944522294439044 0.16685655489107248
1.0 0.19086227352737062 0.45930525834299674 0.12311364535895622 0.5829500832219234
2.0 0.3537702777301489 0.704192646649362 0.22937200454554568 0.12678964274881088
3.0 0.9175474069382764 0.6714840422703496 0.07139176078363385 0.21619221094292784
4.0 0.8508498132251573 0.43461561841238106 0.19509593851514784 0.15970236091778117
5.0 0.609501932021757 0.7511559727633835 0.21641503019997443 0.11484607781599698
6.0 0.621086519453591 0.5274632737492285 0.29517469871132973 0.42720402697240106
7.0 0.07878690514858104 0.39143084453687355 0.1148948611863103 0.14477204491627405
8.0 0.8132761714623593 0.6377343411509953 0.1923622131851238 0.2965103777426902
9.0 0.4033433825824893 0.4686115798655893 0.250526413013589 0.2775407301231973
