0.0 0.4514818958811039 0.2465583381426828 0.278892700862311 0.18271179657782674
1.0 0.18496344847847676 0.4277736837126751 0.12512340416117745 0.6141632120593312
2.0 0.39604501588207475 0.6662213439976301 0.2427932451645552 0.12194178324509286
3.0 0.9712976626017651 0.6284629618328943 0.05740467479646982 0.23257979538087536
5.0 0.6548732424339021 0.7244163583943557 0.23779816350478 0.1382036641529838
6.0 0.6784751665050521 0.4798822553013281 0.30468717338649254 0.4621481443362976
7.0 0.09559463926012184 0.3671665120432691 0.13012871721343575 0.17158191448811738
8.0 0.8667717897359659 0.6079799443110085 0.19910736447209676 0.3272311946769543
9.0 0.43284269591078983 0.4298442629333468 0.269594858559874 0.2922611758552861
4.0 0.8994574354798137 0.3809130724078498 0.20108512904037257 0.18631254413297088
