1.0 0.12369756855868316 0.46791248524569495 0.09699797915898316 0.6505532469107034
7.0 0.04157449560532021 0.421928110625989 0.08314899121064041 0.1744254748489628
0.0 0.39695196059779714 0.2728550919722515 0.2767664921051116 0.14631250366252702
4.0 0.8701668318802577 0.3764355497829709 0.2069727840712503 0.1533764605312662
3.0 0.9546924150002207 0.6174285019049105 0.05668518648355614 0.22687030250250628
8.0 0.8446618195241022 0.6199948499053317 0.20997449310500627 0.3198352450789097
5.0 0.6239401566128184 0.7400047875798119 0.22537212080127256 0.1049713628412291
2.0 0.3454778784875434 0.7151652645083373 0.23844887783760477 0.10049182690386538
9.0 0.40098930204542416 0.45954011829559593 0.2748915268018439 0.28516197719007746
6.0 0.6294352664177618 0.49501089779278107 0.2988951908628154 0.44674544795410315
