1.0 0.2153254439084865 0.5529460529064366 0.08744770806751082 0.6314521210111456
7.0 0.0721476661934491 0.5052446302871332 0.1274941026612937 0.17251255295641943
9.0 0.4345285017883729 0.518130166012074 0.27123463903545697 0.2755996079615654
2.0 0.4097954993709324 0.7768617040546518 0.23036297730004152 0.08630407256904093
0.0 0.43249608883373 0.33436763461789587 0.2729597746880469 0.12979847200144423
4.0 0.9019155145228215 0.39846187801389554 0.19616897095435692 0.1428693150738698
3.0 0.9883218739972709 0.6256141301006684 0.02335625200545821 0.2132643560456834
8.0 0.8902971909321797 0.6386668151535406 0.1913212858114196 0.302069651981426
5.0 0.6783706927053182 0.7744718101793389 0.21997864967907788 0.08947259067891722
6.0 0.6742686056706003 0.5401492921338076 0.286280984696591 0.43366103869758565
