1.0 0.14654870932272504 0.5886455714099317 0.05211915657298134 0.5680679748538225
7.0 0.051845788904561554 0.5590871594448354 0.09162540003709821 0.1594376908186393
0.0 0.37554782076214094 0.3855875863326352 0.25605940296870455 0.10930370561279157
4.0 0.8164378902796356 0.4243838627166503 0.1836694734317439 0.11794413933702858
3.0 0.9130157393214964 0.6350567287594985 0.03956897527916292 0.20083272094037707
8.0 0.817232116175773 0.6495027190709481 0.17526995321950445 0.2722315943896979
5.0 0.6189008854177078 0.7883313913025378 0.20444449360323735 0.07265595769934818
6.0 0.6043881029774374 0.5600543862275894 0.25766456383471903 0.3850027599532328
9.0 0.3884791171303861 0.5552750612357333 0.24292413092534054 0.22863055065809146
2.0 0.3628978473601657 0.7923707758524124 0.20870727015683455 0.061940071111770356
