0.0 0.3976362018656624 0.37675235051957395 0.25526180416188393 0.12252754564799939
1.0 0.1732387982295043 0.5983306654076789 0.05769355830248346 0.5821289885669778
2.0 0.399118974934509 0.790778750533889 0.21335173263004736 0.07381376367793602
3.0 0.9236783886962853 0.5953296748627442 0.04730243403423984 0.2127091023265722
4.0 0.8241999161415605 0.39400318831792336 0.18060603103954476 0.12917981081108526
5.0 0.6440520346039421 0.7573040021141113 0.20508475495804435 0.08480104642488329
6.0 0.6312861000714786 0.5397180262226025 0.23745969823917767 0.3765586881054396
7.0 0.07795985033491007 0.5879979707371445 0.10962009639978265 0.12772487113437725
8.0 0.8290415658513046 0.6078260758233494 0.1698588636021846 0.27372016497704915
9.0 0.40903033698115554 0.5455673708406734 0.24520085928051322 0.23601427474484732
