0.0 0.427991813421608 0.33864406819070264 0.28824730665234777 0.19972170201754977
1.0 0.19681710670552838 0.5050563106275087 0.16378820473754963 0.6363922621220375
7.0 0.055773940958131485 0.41204855230988247 0.10373835972232456 0.17246474830213693
9.0 0.41042900076856503 0.5175155769944372 0.2959364159284103 0.318184283179679
6.0 0.6344754593648424 0.6063291559062536 0.31999209128608336 0.47418655573613344
4.0 0.8803967067255987 0.5359342773793824 0.20800976137915905 0.18778351195253823
2.0 0.3378484160660587 0.7673115108117564 0.2352968561131006 0.133850479650518
5.0 0.6012487572448459 0.839914630534073 0.22055318179203398 0.1383085142621382
3.0 0.9241707361894413 0.7799091192587674 0.08059169705714286 0.21837028886282872
8.0 0.8233288618271357 0.7550670513306252 0.22562311244034416 0.33973270733968186
