1.0 0.17712175451441056 0.6467470853933406 0.140028536260473 0.5919285779423187
9.0 0.4111341518188171 0.5163721872857298 0.26947216535542484 0.29753832415485054
2.0 0.4307526093660301 0.7587740831265741 0.22190282068972622 0.13192500339482138
5.0 0.6779754891335601 0.6622963373919772 0.21248519498292973 0.1275269505515867
6.0 0.6250337541346291 0.4479212817233149 0.30636902099436275 0.45146585732002564
4.0 0.8097837744413265 0.23624645772689434 0.20069292320370213 0.17304475811355605
3.0 0.9435109209808604 0.4171097061202505 0.068691935327712 0.21116512523857633
8.0 0.8476698629772914 0.46372035229310077 0.22376806804484028 0.3204682321669986
0.0 0.3668801673520749 0.354310938366194 0.263895027259892 0.17461670825222336
7.0 0.07765793185467158 0.6369473807623687 0.12673595418346037 0.18278039911991006
