0.0 0.3573833700841713 0.3008341222625308 0.25648523885184354 0.18380872242559254
1.0 0.19544483102480925 0.5739082699806967 0.14514065921452665 0.5515617960596877
2.0 0.427838022488215 0.6922790935320562 0.2191391557265972 0.13417917781679767
3.0 0.9096419228665147 0.35588249770782454 0.08587133282938397 0.21404650362632704
4.0 0.7774846431021714 0.18871771816595612 0.20805788817857584 0.18131548601862357
5.0 0.6589412337610017 0.5961208328218106 0.20793661907335437 0.12880946382110314
6.0 0.6113829424418086 0.3877100984809467 0.29177612372909767 0.4275958861390742
7.0 0.08368515800161351 0.568757914642765 0.13216898643398742 0.17682961130364983
8.0 0.8199311329404795 0.3924585645722841 0.20991012238968187 0.31761458384190105
9.0 0.39410232251979493 0.45549286964311375 0.2758181805948139 0.29991448413715166
