0.0 0.37555825773873114 0.4000968077924498 0.2651034962300335 0.1265933468448146
1.0 0.18673809422041956 0.5923190672912612 0.10044783936872587 0.5752724534165234
2.0 0.3511483528433002 0.8075672075610352 0.22324612194386062 0.09464938482475993
3.0 0.9258351246216256 0.7030149282695333 0.054929575805051534 0.21433833758595744
4.0 0.8301149488020461 0.47723768920994686 0.18957549493145875 0.13574603142245423
5.0 0.5976403591274232 0.8174836059117934 0.20980311328885803 0.087885455939829
6.0 0.6018550520855636 0.603455469826437 0.28127334289994893 0.4033857910000352
7.0 0.03973220440834915 0.5287111419143681 0.0794644088166983 0.15532633725553285
8.0 0.8139085013300529 0.6879342608549399 0.19307656368741932 0.29802123796838653
9.0 0.3684966198982421 0.5703068365101714 0.26394172106576574 0.2686114979297414
