0.0 0.37982804742586396 0.4120131521101301 0.2440263638794118 0.11653695302246653
1.0 0.20742455696730577 0.6318167674189605 0.07497603773349787 0.5624930362055978
2.0 0.3900274109222362 0.8012516773203515 0.2131858019152666 0.07631599393821165
3.0 0.9086003565561316 0.5890552772228714 0.04583303006127093 0.2014451733872139
4.0 0.7989666506605548 0.39709762630491346 0.17913607667909226 0.12959612517748442
5.0 0.6318678014789891 0.7667220289575116 0.20547787142935892 0.09280569391404281
6.0 0.6080261574622295 0.5517524183788122 0.2581627486740085 0.37973515044020617
7.0 0.07510326186668595 0.5934011810423419 0.10197673165587678 0.144682702604218
8.0 0.8076990647834245 0.5948827427287932 0.1726037507943119 0.2828391444601619
9.0 0.39524921144661024 0.5687040460089334 0.22692639009509186 0.22671235976238835
