0.0 0.3880490150294932 0.3382262199561733 0.2574140238473333 0.10457880208572007
1.0 0.20198604871400133 0.5362276066985695 0.04809862793606254 0.46387354026333205
2.0 0.3796117010363651 0.7476249881899958 0.22846966535456154 0.06776452345137018
3.0 0.9177108558112732 0.5795220471809539 0.037366721673797065 0.20963854883479416
4.0 0.8247733246391415 0.3685083382569715 0.18373245020945173 0.11634200064746786
5.0 0.6315535496545417 0.7362965322102121 0.20598355547820468 0.07004340071339787
6.0 0.620551020989293 0.514426143448435 0.2582570977936373 0.3794829933822148
7.0 0.05705501140858664 0.5228165455806135 0.10137199407941822 0.14131037200128443
8.0 0.8179598564261121 0.59104067252823 0.17202215904573903 0.2640603653700673
9.0 0.39619938449613723 0.5089884075581296 0.2387713080682181 0.24143659683543145
