1.0 0.21406200528144836 0.566860020160675 0.04437500238418579 0.5955150127410889
7.0 0.06468699872493744 0.5436050295829773 0.09687499701976776 0.14867103099822998
6.0 0.6378129720687866 0.5112130045890808 0.25562500953674316 0.3928569555282593
5.0 0.6537500023841858 0.732142984867096 0.20749998092651367 0.0672760009765625
2.0 0.3971880078315735 0.7628740072250366 0.21937501430511475 0.07392001152038574
9.0 0.41468700766563416 0.5149499922990799 0.24062496423721313 0.24418601393699646
0.0 0.3946880102157593 0.34053200483322144 0.25687503814697266 0.10797297954559326
3.0 0.9493749737739563 0.558555006980896 0.041249990463256836 0.20348799228668213
8.0 0.849062979221344 0.5818110108375549 0.17687499523162842 0.2682720422744751
4.0 0.8471869826316833 0.35631200671195984 0.18437504768371582 0.12624603509902954
