1.0 0.20250000059604645 0.6345509737730026 0.04249998927116394 0.6013289988040924
7.0 0.055312998592853546 0.6046509742736816 0.109375 0.1511629819869995
9.0 0.41093799471855164 0.585547998547554 0.25312501192092896 0.24750801920890808
0.0 0.39750000834465027 0.40863800048828125 0.2574999928474426 0.10132896900177002
4.0 0.8543750047683716 0.4372920095920563 0.1875 0.12209302186965942
3.0 0.9681249856948853 0.6495019793510437 0.03125 0.21262502670288086
8.0 0.8525000214576721 0.666113018989563 0.1625000238418579 0.2774089574813843
2.0 0.39937499165534973 0.8359630107879639 0.21999996900558472 0.06063103675842285
5.0 0.6546869874000549 0.816860020160675 0.2093750238418579 0.0672760009765625
6.0 0.6399999856948853 0.590116024017334 0.25999999046325684 0.4011629819869995
