1.0 0.19312499463558197 0.44185997545719147 0.034999996423721313 0.5913619697093964
0.0 0.4228120297193527 0.22882099449634552 0.24937501549720764 0.10049799084663391
2.0 0.41968701779842377 0.6461790204048157 0.21812501549720764 0.05980098247528076
3.0 0.9574999809265137 0.47508300840854645 0.029999971389770508 0.19933602213859558
6.0 0.6499999761581421 0.4053160026669502 0.24625003337860107 0.37375400960445404
5.0 0.6640620231628418 0.6287379860877991 0.20062494277954102 0.06312298774719238
7.0 0.09593699872493744 0.4003320038318634 0.10562500357627869 0.15780699253082275
9.0 0.4309369921684265 0.39825600385665894 0.2331249713897705 0.22840499877929688
4.0 0.8596879839897156 0.2711789906024933 0.1731250286102295 0.11544901132583618
8.0 0.854062020778656 0.49003300070762634 0.15812504291534424 0.27242499589920044
