0.0 0.38756621194159147 0.39333207243530605 0.2890068272372477 0.1332955766270002
1.0 0.13055115508248724 0.6312825871737557 0.06497711798934612 0.6578491035232251
2.0 0.37090855043548193 0.8518983367816986 0.2504783080676418 0.07803825590483415
3.0 0.9638710375946602 0.679927108855914 0.041911317523879554 0.23069271527990454
4.0 0.8711216292753806 0.4440840924379623 0.20794364460871573 0.1388338929243058
5.0 0.650084282097025 0.84271056910038 0.23033212516382828 0.08565182730818321
7.0 0.04084891361194131 0.5881906192474717 0.08169782722388262 0.16159383647494197
9.0 0.3927541451936221 0.5903544022479938 0.26877918741266116 0.25813172468746987
8.0 0.8564753159695258 0.6767877194705213 0.17684250382445776 0.3068696863354037
6.0 0.6388674429602479 0.5935447842965598 0.2656538555410052 0.4198597172229684
