0.0 0.38886424531129754 0.3372365814884686 0.2579093410989507 0.10685060271365204
1.0 0.20181068656209364 0.5335827803577332 0.05042368716872819 0.4642460263829516
2.0 0.3783703409320469 0.7465513686574798 0.2287834005283041 0.06978380899890169
3.0 0.9173020356533785 0.58322626052723 0.03841565723579665 0.20994556748857224
4.0 0.8254266874909402 0.3713927003875447 0.18429549462614536 0.1179586459992909
5.0 0.6303634876521196 0.737458426349962 0.20631137254946352 0.07186289971270887
6.0 0.6204758588166668 0.5154953664438099 0.2601335466067961 0.38173009838664457
7.0 0.056950255104934344 0.5188861709120809 0.10207012963149664 0.1421933085319454
8.0 0.8174953909581135 0.5938596251843897 0.17332877111935885 0.26555581527668504
9.0 0.3961565409990648 0.5080672745314206 0.23995643647258802 0.24352696161935733
