0.0 0.5173425372960483 0.3964813329155633 0.19621201500322416 0.12716037780739292
1.0 0.3425913073091259 0.5296238720483741 0.07825544374478294 0.43177114703082087
2.0 0.4694458712683481 0.7260149118006521 0.16403792042961396 0.09401483562810142
3.0 0.8817449604684717 0.6796341389016861 0.046838731417145896 0.17043437467073286
4.0 0.8394911893327669 0.5035800619193844 0.13606005330918136 0.12846738626440862
5.0 0.6635732272039117 0.7562142775434362 0.17377962014942838 0.10003736034319799
6.0 0.6722138256722023 0.57207009980148 0.23607706744811807 0.34681615023921175
7.0 0.26471643761429253 0.4921187522219009 0.08673877245409206 0.1191350169957025
8.0 0.8165730545566103 0.6826823708308439 0.1313783729483473 0.22881439095525757
7.0 0.5042002058010553 0.5265803108564582 0.19480690361886305 0.21933591532953006
