0.0 0.4296880066394806 0.2832230031490326 0.25437504053115845 0.13455098867416382
1.0 0.2121880054473877 0.49543197453022003 0.03937500715255737 0.5772429406642914
2.0 0.41187500953674316 0.6976739764213562 0.22249996662139893 0.09302294254302979
3.0 0.9640629887580872 0.5739200115203857 0.031875014305114746 0.232558012008667
4.0 0.871874988079071 0.34385401010513306 0.20500004291534424 0.1162790060043335
5.0 0.6543750166893005 0.7005810141563416 0.22874999046325684 0.10548198223114014
6.0 0.650937020778656 0.47342199087142944 0.25062501430511475 0.400331974029541
7.0 0.10781299695372581 0.4385380297899246 0.12187499552965164 0.1528240144252777
9.0 0.41999998688697815 0.45224298536777496 0.24875003099441528 0.2333889901638031
8.0 0.8615630269050598 0.5614619851112366 0.18437504768371582 0.302325963973999
