0.0 0.43879376452037544 0.42439634089065403 0.23185416455052982 0.15859264830174008
1.0 0.2700978252830301 0.6631319202887561 0.12182711102642096 0.5018905233134137
2.0 0.4871403142812183 0.7817724895108604 0.19986321505944465 0.11367219037176324
3.0 0.9507509965842758 0.4868127644429424 0.07068552519503735 0.21394003682223262
4.0 0.8323793215406514 0.3334029775760676 0.19383522987613822 0.16725274783828006
5.0 0.708253464356406 0.7060517435126579 0.201229614384279 0.11308766840327866
6.0 0.670256093563985 0.510831833294312 0.27793239791421265 0.3966192627149431
7.0 0.1836351462547454 0.6668512518564713 0.12346357178400162 0.15610622670312568
8.0 0.8634043070935113 0.519976354388793 0.1869951700858229 0.2933453301036876
9.0 0.4717052405799978 0.5653185038495965 0.2533941827184164 0.2568158443050185
