1.0 0.1759369969367981 0.574751004576683 0.03312498331069946 0.5897009670734406
7.0 0.07968700118362904 0.5402820110321045 0.10187500342726707 0.15033197402954102
9.0 0.4137500077486038 0.5240859985351562 0.23125001788139343 0.22923600673675537
2.0 0.39125001430511475 0.7558140158653259 0.21375000476837158 0.07142901420593262
3.0 0.9262499809265137 0.5847180038690567 0.03250002861022949 0.20598003268241882
8.0 0.8259369730949402 0.5984219908714294 0.16062498092651367 0.2649500370025635
4.0 0.8259369730949402 0.3774920105934143 0.17437493801116943 0.1187710165977478
0.0 0.4025000035762787 0.3521589934825897 0.2512499690055847 0.11129599809646606
6.0 0.6256250143051147 0.5186880230903625 0.23500001430511475 0.381229043006897
5.0 0.6399999856948853 0.7404490113258362 0.20000004768371582 0.07890403270721436
