1.0 0.2015630006790161 0.6017439961433411 0.04062500596046448 0.583886981010437
7.0 0.05624999850988388 0.5747510343790054 0.10750000178813934 0.15614601969718933
9.0 0.4065620005130768 0.5643690079450607 0.2381250262260437 0.2300659716129303
2.0 0.39125001430511475 0.8048170208930969 0.21375000476837158 0.05315601825714111
0.0 0.39500001072883606 0.39576399326324463 0.2537500262260437 0.09883701801300049
4.0 0.8475000262260437 0.4285709857940674 0.18999993801116943 0.11295700073242188
3.0 0.9393749833106995 0.6411960124969482 0.023749947547912598 0.2059800624847412
8.0 0.8299999833106995 0.6578069925308228 0.1625000238418579 0.27242493629455566
5.0 0.6387500166893005 0.7998340129852295 0.20249998569488525 0.06478404998779297
6.0 0.6234369874000549 0.5726739764213562 0.24937498569488525 0.381229043006897
