0.0 0.3929768451733544 0.3842031950220218 0.2640698390802405 0.11633458568945015
1.0 0.19335196571482688 0.603805302059174 0.03675988506989916 0.6033273771155667
2.0 0.3863074057133575 0.8042443764791465 0.2320355912804316 0.06752479839285841
3.0 0.9429600489030459 0.6324520636746889 0.03595215358529591 0.2243032562327717
4.0 0.8371152213679429 0.4086593528096625 0.19141438602443694 0.12359491060033206
5.0 0.6425580524215597 0.7944100742506834 0.20703593738202974 0.07271479991303531
6.0 0.6281203663037747 0.5685513251242149 0.24690073542794932 0.3790535883490878
7.0 0.055073076856584205 0.5726367491928354 0.10391705113834562 0.16304446626431207
8.0 0.8371001248655077 0.6314003597106965 0.16486261575775485 0.27416271808220477
9.0 0.402339836378233 0.5612553395248696 0.2593915144248382 0.24406007217761078
