0.0 0.3631249889731407 0.3870429992675781 0.26124997437000275 0.09634602069854736
1.0 0.1771869957447052 0.607142984867096 0.03937500715255737 0.5913619995117188
2.0 0.36031201481819153 0.8073089718818665 0.22437500953674316 0.06810605525970459
3.0 0.9065629839897156 0.6287379860877991 0.038125038146972656 0.20431900024414062
4.0 0.8043749928474426 0.41569799184799194 0.1875 0.11711001396179199
5.0 0.6115630269050598 0.7894520163536072 0.21437501907348633 0.0672760009765625
6.0 0.5950000137090683 0.5631229728460312 0.2474999725818634 0.3787379562854767
7.0 0.044686999171972275 0.5606309771537781 0.08812499791383743 0.1295679807662964
8.0 0.8056250214576721 0.6283220052719116 0.16875004768371582 0.27491700649261475
9.0 0.37437498569488525 0.5622919648885727 0.22750002145767212 0.23421898484230042
