0.0 0.41574836669634657 0.35565636935357964 0.2617412916099654 0.13889596547103555
1.0 0.23122318579408466 0.5618381806142645 0.0686417331804467 0.5993875484801621
7.0 0.07541069476513004 0.5327413806202342 0.1018890788778161 0.1334482398391708
9.0 0.4288613325789523 0.5222395810356348 0.24095926049744087 0.26084421943658564
2.0 0.4078315585838142 0.773051375744263 0.22713107989987902 0.08298658919940427
6.0 0.660230580771128 0.537157727592727 0.2561770028026493 0.41083380966369015
4.0 0.8709532746186102 0.40011315870095265 0.19011652385789413 0.13977561191517035
3.0 0.9626010504854937 0.6145462918720063 0.05670658976553722 0.22494550203452746
5.0 0.6640301682597078 0.7707489910912008 0.2202482247929679 0.08671499856082976
8.0 0.8577025022856543 0.6176092696358544 0.17376385086901114 0.27751899418100845
