0.0 0.36808463618631293 0.44272676964041024 0.26001626144593254 0.14098482814824242
1.0 0.17356500378143785 0.7004677292913851 0.10150382343172837 0.5812474791868649
2.0 0.41061340043495054 0.8445056796823973 0.2210048587038152 0.10530962682328193
3.0 0.9047074626925828 0.5744216819124351 0.059404102649603496 0.2005489693468714
4.0 0.7861660509282453 0.38491309131567597 0.1806976577321382 0.14664091577019878
5.0 0.6477506016124951 0.7778800425094893 0.20987108465512105 0.10316656067850549
6.0 0.6075814679003831 0.568670428617651 0.2712855260630303 0.4054997062072854
7.0 0.06427864873523946 0.6740868710978376 0.10471476698140034 0.13845286039219806
8.0 0.8069324429203404 0.5928213634502851 0.18771664215436168 0.2888209997456516
9.0 0.3958998211179747 0.6052192849213327 0.2391749018071198 0.26090347873105296
