0.0 0.41258072606585106 0.2657054622333256 0.27006825007341223 0.1357650838836594
1.0 0.18056983378433533 0.5171399283018295 0.06240163440199545 0.614759217939322
2.0 0.42457537561285813 0.6914874163065812 0.23920969320429986 0.07956112309569419
3.0 0.981949971821173 0.4936065815235571 0.03610005635765379 0.2298573111771655
5.0 0.6868327290148653 0.6762862066174828 0.2322157458449411 0.09745881891533004
6.0 0.6713361867371654 0.43061043996418946 0.2660580348557432 0.421543763471436
7.0 0.08362620697106778 0.482775335262529 0.11647900539848902 0.15319036721345797
8.0 0.8756558696992088 0.5034071275689959 0.1710785706240392 0.3017236051728183
9.0 0.4232681258132979 0.4501114182309459 0.24829593828926877 0.2515857737755948
4.0 0.8777106965597854 0.27059502598631785 0.20128589332780478 0.15232555100833775
