1.0 0.20281299948692322 0.661544993519783 0.04437500238418579 0.5855480134487152
7.0 0.058125000447034836 0.6191859841346741 0.10125000029802322 0.1470099687576294
9.0 0.3956249952316284 0.6042360067367554 0.23500001430511475 0.23504996299743652
2.0 0.37812501192092896 0.8542360067367554 0.2200000286102295 0.06063103675842285
0.0 0.38093701004981995 0.433555006980896 0.25187498331069946 0.10132896900177002
6.0 0.6143749803304672 0.6054819971323013 0.25749996304512024 0.3887040317058563
5.0 0.6309379935264587 0.8359630107879639 0.20812499523162842 0.0672760009765625
4.0 0.8356249928474426 0.4563950002193451 0.18999993801116943 0.1187710165977478
3.0 0.9403120279312134 0.6785709857940674 0.03437495231628418 0.20930194854736328
8.0 0.8362500071525574 0.6881229877471924 0.1862499713897705 0.2865450382232666
