0.0 0.39101600646972656 0.3951190114021301 0.263280987739563 0.11734199523925781
1.0 0.1613280028104782 0.6272069811820984 0.0429689884185791 0.6022850275039673
2.0 0.395702987909317 0.8120459914207458 0.22421902418136597 0.07892000675201416
3.0 0.9683589935302734 0.6157839894294739 0.04453098773956299 0.2305300235748291
4.0 0.8558589816093445 0.400831013917923 0.20390594005584717 0.14330202341079712
5.0 0.6488280296325684 0.7866039872169495 0.21171903610229492 0.06542098522186279
6.0 0.643750011920929 0.566458985209465 0.23906302452087402 0.3748699724674225
7.0 0.05546899884939194 0.5913810133934021 0.10625000298023224 0.16718602180480957
8.0 0.8507810235023499 0.6266869902610779 0.17499995231628418 0.2814120054244995
9.0 0.3933590054512024 0.5695740133523941 0.2460939884185791 0.24402901530265808
