0.0 0.45170668343709036 0.37257472816938025 0.20563931921856848 0.15816664443957895
1.0 0.316727732015203 0.5997603785176631 0.12469185759732454 0.45124582753975534
2.0 0.5079457543897908 0.7147411426342548 0.17601279244171253 0.11628466494063217
3.0 0.8815995750772498 0.4412356412532404 0.06088292401119644 0.17518209692494413
4.0 0.7877151820339975 0.30044479156647813 0.13730566451356419 0.1485662471338586
5.0 0.6996973127285933 0.6318318863898995 0.18043235302531846 0.1215826285748699
6.0 0.6549148009946641 0.453215649987491 0.2627097547196332 0.3913325509043051
7.0 0.23632228993152682 0.6015697125361947 0.10045381428918143 0.13869819316389642
8.0 0.8180877078384383 0.4780631137813812 0.16562467533172953 0.2583158555998113
9.0 0.476967308863794 0.5011525855357609 0.21265295094838116 0.2454592310747134
