0.0 0.41741806235168066 0.3478557820797574 0.2857630714110359 0.16961061833987173
1.0 0.19837372335841555 0.5410956699255005 0.12234835479075995 0.6425107891607692
7.0 0.051634995869683765 0.4652362545321221 0.09514446767442526 0.16609615214643159
9.0 0.41196747878300216 0.5280986127753036 0.28472548009572296 0.2922955985853582
6.0 0.6410941748721981 0.5899085168790134 0.2979078342856854 0.4519743995565235
4.0 0.8812898657319241 0.49054690988931154 0.20287511703109595 0.16799356870348803
2.0 0.35649451765475565 0.785524999265925 0.23550289733324858 0.10797439986358681
5.0 0.6237259264532178 0.8265088426231462 0.21976302603932496 0.11462442498089676
3.0 0.9413128802314575 0.7283366951468515 0.06745554490273431 0.21717127736525021
8.0 0.8392031459753133 0.7155881044784523 0.209639230578052 0.32431051885940576
