7.0 0.07249999791383743 0.4875420033931732 0.10750000178813934 0.15282398462295532
1.0 0.21937499940395355 0.5232560038566589 0.03874999284744263 0.5847179889678955
2.0 0.40281298756599426 0.724668025970459 0.22562497854232788 0.06229197978973389
9.0 0.4196870028972626 0.47757500410079956 0.24187499284744263 0.232558012008667
0.0 0.4040620028972626 0.3039869964122772 0.2568749785423279 0.1013290286064148
4.0 0.8531249761581421 0.3276579976081848 0.18499994277954102 0.11212599277496338
6.0 0.6462500095367432 0.4788210093975067 0.2549999952316284 0.3862130045890808
5.0 0.6637499928474426 0.7051500082015991 0.21875 0.07308995723724365
8.0 0.8496879935264587 0.5606309622526169 0.2106250524520874 0.26910296082496643
3.0 0.9568750262260437 0.5419440269470215 0.04499995708465576 0.20847201347351074
