1.0 0.1978586513789906 0.7249777618352324 0.05667264651725712 0.5500444763295351
7.0 0.08377204220225538 0.7173113187185276 0.11807973295769755 0.15134265882984244
0.0 0.4129506391810039 0.5171497555115663 0.2515287912897296 0.11129375967855487
4.0 0.8419186238588755 0.5127829917141277 0.17197331934471705 0.11944268743522879
3.0 0.950797309072429 0.6989455254896414 0.03966159194708174 0.19683700534079152
8.0 0.8408819785442899 0.725221420936649 0.15880926818272378 0.26041318560097204
5.0 0.6627392065263857 0.8732052510154631 0.1917906561192565 0.07411064996007155
2.0 0.4189557808607903 0.899199543731273 0.20779983624323795 0.06751495733485069
9.0 0.4298831831880643 0.6829044465352102 0.24805327007164085 0.2428417926994808
6.0 0.6427453879791596 0.6685472223234756 0.24972533749931292 0.3796393156938486
