0.0 0.5231070420268825 0.4297503858243126 0.20096731026994402 0.13668885675805242
1.0 0.3356681507554534 0.5580860839697221 0.07250459408850202 0.3612912635724762
2.0 0.4744936798382269 0.7713370743235376 0.1838673620944833 0.10902716203627794
3.0 0.8892439938633616 0.7140278634122609 0.05306941550479494 0.18535733372736796
4.0 0.8471990834457472 0.5331916534199945 0.1356891262294313 0.1399409776820698
5.0 0.6713008319350353 0.8031062745500412 0.17587787936699495 0.10254179657471019
6.0 0.6829039889024316 0.6098413354790475 0.23549827579388594 0.35914271233139083
7.0 0.2641482390382143 0.5233485709709318 0.0925993858240276 0.12693883900271585
8.0 0.8214924222708783 0.7091758285533541 0.13504736020376296 0.24743308984406132
9.0 0.5087531503501712 0.557494374719515 0.20561048197648968 0.22761368275606436
