0.0 0.4069179917254867 0.34464032417725354 0.2657513974109908 0.13356113062215647
1.0 0.22777038148077736 0.5831984732114173 0.078263352634028 0.5786424592319527
7.0 0.092180356319034 0.5604307304732525 0.11074401581261303 0.14716836926589194
8.0 0.8658057689559915 0.5458881682710635 0.18396785601572363 0.3122807686812229
3.0 0.9680553395780376 0.5363730429474782 0.05346114684510439 0.23747608311712187
2.0 0.42462445735977244 0.7638707291853265 0.23127880758565833 0.09160251341236969
9.0 0.4323688410127786 0.5125378474144938 0.2504350481778717 0.25498217361711095
5.0 0.6751257271690994 0.7201608221413797 0.22000039739548716 0.10127080170454028
4.0 0.8572224585665259 0.323550828636997 0.21308089475922887 0.15834043931230055
6.0 0.6532311707544272 0.4948990301672687 0.27631859391662317 0.41651407029522225
