1.0 0.20218700170516968 0.5801500082015991 0.046875 0.5539870262145996
7.0 0.0696870032697916 0.5456809997558594 0.08312500640749931 0.1478409767150879
0.0 0.3884370028972626 0.37541499733924866 0.24812501668930054 0.09634602069854736
2.0 0.3828119933605194 0.7707639932632446 0.2056249976158142 0.05814003944396973
3.0 0.9075000286102295 0.6058970093727112 0.041249990463256836 0.19352197647094727
8.0 0.8106250166893005 0.6204320192337036 0.17124998569488525 0.267441987991333
5.0 0.6237499713897705 0.757889986038208 0.1937500238418579 0.06561493873596191
9.0 0.4000000059604645 0.5377909988164902 0.2225000262260437 0.2134549915790558
6.0 0.6106250286102295 0.5402820259332657 0.23874998092651367 0.3646180331707001
4.0 0.8206250071525574 0.40074801445007324 0.17875003814697266 0.10880398750305176
