4.0 0.1521879993379116 0.6839699745178223 0.16312498599290848 0.10049796104431152
6.0 0.33531299233436584 0.5647839903831482 0.21562498807907104 0.332226037979126
0.0 0.5512499958276749 0.7159469723701477 0.23125001788139343 0.09302294254302979
1.0 0.7193750143051147 0.5186880379915237 0.033750057220458984 0.5157810151576996
7.0 0.8481249809265137 0.5552330017089844 0.08375000953674316 0.14202702045440674
8.0 0.15156200155615807 0.4800660014152527 0.15062499791383743 0.23920297622680664
3.0 0.06499999761581421 0.4991689920425415 0.032499998807907104 0.1827239990234375
2.0 0.5543749928474426 0.3513289988040924 0.20375001430511475 0.056478023529052734
9.0 0.5384380221366882 0.5614620000123978 0.2093750238418579 0.19933602213859558
5.0 0.32906201481819153 0.357558012008667 0.18812501430511475 0.07059800624847412
