0.0 0.3959314510882246 0.3185276213062933 0.25312808225329286 0.10051167832515445
1.0 0.21531286711756303 0.5282543725308417 0.03939266912893363 0.5780751488138456
7.0 0.0687499130270484 0.4971162608432111 0.09750443722644973 0.14535422676786902
9.0 0.4134374848858591 0.4833936756682333 0.23188175232257763 0.22094252107950435
2.0 0.39344380958319597 0.7234277404628208 0.2193770144323569 0.06645682968743949
3.0 0.9434397948852353 0.558946048073253 0.041881348841115495 0.2076432647767918
4.0 0.8459331416441366 0.3400973287152329 0.19062858099955315 0.11878130196964504
5.0 0.6390685217083685 0.713862485433274 0.20937718066771083 0.07060930334974536
6.0 0.6337496660737366 0.4883647664868471 0.22626167468955316 0.38041116628611255
8.0 0.8371889712518552 0.5647657968740555 0.17813360093792774 0.28074057353834836
