0.0 0.41437502205371857 0.26785699278116226 0.23625001311302185 0.1004980057477951
1.0 0.21562500298023224 0.46636198461055756 0.04749998450279236 0.4310629665851593
2.0 0.40062499046325684 0.6553159952163696 0.20249998569488525 0.05481696128845215
3.0 0.9212499856948853 0.4871260076761246 0.0387500524520874 0.19850501418113708
4.0 0.8278120160102844 0.2882060110569 0.1793750524520874 0.11129599809646606
5.0 0.6518750190734863 0.632889986038208 0.20624995231628418 0.05980098247528076
6.0 0.6334369778633118 0.422341987490654 0.24687504768371582 0.3646179735660553
7.0 0.1134369969367981 0.4485050141811371 0.08062499761581421 0.09634602069854736
8.0 0.8221870064735413 0.4954319894313812 0.13812506198883057 0.21013301610946655
9.0 0.42499999701976776 0.425664022564888 0.22124996781349182 0.22342202067375183
