7.0 0.035312000662088394 0.5444350242614746 0.06937500089406967 0.17857098579406738
0.0 0.3684370070695877 0.3791530132293701 0.273125022649765 0.1004980206489563
9.0 0.3721880167722702 0.5510799884796143 0.26062503457069397 0.24003303050994873
2.0 0.3571870028972626 0.7985879778862 0.2368749976158142 0.058969974517822266
1.0 0.12968799471855164 0.5934389680624008 0.05312499403953552 0.6137869656085968
4.0 0.8368750214576721 0.41569799184799194 0.18999993801116943 0.11711001396179199
3.0 0.9434379935264587 0.634967029094696 0.030624985694885254 0.2201000452041626
8.0 0.8346880078315735 0.6474249958992004 0.1731250286102295 0.3031560182571411
5.0 0.6259379982948303 0.7898669838905334 0.21187496185302734 0.06810605525970459
6.0 0.612500011920929 0.5618770271539688 0.26625001430511475 0.3845510184764862
