0.0 0.37756185297130845 0.25807074212572567 0.26886542386690204 0.16036828985260293
1.0 0.21472620821587807 0.5335895824779657 0.11055218460214347 0.5881132385992209
2.0 0.42049550318139395 0.6804736192060346 0.2397676599178729 0.11895544963769655
3.0 0.9218543444591495 0.4002250476023584 0.07386407524630734 0.2154912531723997
4.0 0.8016880597977072 0.21039858117459292 0.17491961021420888 0.16795232089452147
5.0 0.6814127136046 0.6109239260469599 0.22421825099790504 0.12436654011290893
6.0 0.6426704562450732 0.38537120478476483 0.3000473190513564 0.44402024744816937
7.0 0.08969325045006174 0.5286901735116345 0.1192557098645457 0.13514962208464593
8.0 0.8352925345288621 0.41728848149746545 0.1577666629325578 0.3022883193596619
9.0 0.41004012198238426 0.42481059892860157 0.27185407666808054 0.3022579679256453
