0.0 0.3902453290741833 0.458930947050195 0.2630647653449158 0.2034135090784201
1.0 0.20635467025516974 0.7272598088192909 0.15010078754005404 0.5454803823614183
2.0 0.4625720939950714 0.862648886782877 0.22117819724078291 0.14847377283079743
3.0 0.9596320240468763 0.5229837607712277 0.0807359519062475 0.2321743103103353
4.0 0.8278826916840221 0.3409978857788478 0.21743016294240358 0.18905616809486228
5.0 0.7007124282879045 0.772092509079635 0.21846648810491143 0.15589207115317127
6.0 0.6402330701940453 0.5538845299046693 0.2994799327239962 0.4436273355522221
7.0 0.11375554192479205 0.7367161022127298 0.12129794697142701 0.18841836014456292
8.0 0.8499409450185744 0.5631888682404701 0.2225517528029054 0.3399058702262046
9.0 0.43016388343139733 0.6231772517249483 0.267398160185536 0.29809723468027943
