0.0 0.36538016631729137 0.4551978049342196 0.2617425688990418 0.1630451863040983
1.0 0.18498291001268838 0.7208390871924889 0.13122048805728842 0.5583218256150222
2.0 0.4290673755519996 0.8520069279967777 0.22167062424159928 0.12439835713317537
3.0 0.9076439863933631 0.5364122044111945 0.06908952087018894 0.20166885291062253
4.0 0.7793665590894086 0.3584521315415897 0.1845832199319084 0.1608384779295709
5.0 0.6620912600548639 0.7633827122182227 0.21067784029676806 0.12122000150971202
6.0 0.6109493811017094 0.5584454903870142 0.2873485857906122 0.4224987403934626
7.0 0.07457099797254708 0.7143796224869998 0.10991781583234814 0.145435141078884
8.0 0.8110848708156728 0.5639046732563333 0.199285996618229 0.3003917635686921
9.0 0.4017262313568683 0.6146882506183224 0.2480051226869514 0.2781399254727125
