0.0 0.4084379971027374 0.3214290142059326 0.24687498807907104 0.10132896900177002
1.0 0.2278130054473877 0.5398669838905334 0.04937499761581421 0.44518303871154785
2.0 0.40031298995018005 0.715116024017334 0.21062499284744263 0.06146204471588135
3.0 0.9081249833106995 0.5440199822187424 0.039999961853027344 0.18604698777198792
4.0 0.8274999856948853 0.3496679961681366 0.17250001430511475 0.11960101127624512
5.0 0.643750011920929 0.6947669982910156 0.19749999046325684 0.06063103675842285
6.0 0.6299999952316284 0.4867109954357147 0.23749995231628418 0.35714298486709595
7.0 0.09437499940395355 0.506228968501091 0.0925000011920929 0.12209299206733704
8.0 0.8162500262260437 0.5568940043449402 0.15125000476837158 0.2533220052719116
9.0 0.4209379702806473 0.47965100407600403 0.21937498450279236 0.22009998559951782
