0.0 0.41410252501980277 0.3573804553671208 0.2604721394971733 0.13374566486685135
1.0 0.23196371331566917 0.5672775976553844 0.06182531741208688 0.598747730119146
7.0 0.07583558866618818 0.541341627935289 0.1004808230608902 0.13154359405074378
9.0 0.4291246904899544 0.5236785795342094 0.23825940057357115 0.256270756995846
2.0 0.41097419331158164 0.7748873798940474 0.22646212860125925 0.07846991053817143
6.0 0.6606381604297664 0.5339064304541951 0.25176894241175096 0.4061401010079082
4.0 0.8697644503585886 0.39260761792853327 0.1887468006812295 0.13608378044343322
3.0 0.9638611408574502 0.6051586405214956 0.05418751696806323 0.22407572335725573
5.0 0.6671166180069017 0.7673935486302332 0.21952764280951753 0.08234307408714481
8.0 0.8590099170045128 0.6103469697020337 0.17078710182134427 0.2743338205851568
