0.0 0.4312500059604645 0.3805820047855377 0.25468796491622925 0.10280400514602661
1.0 0.2082030028104782 0.616303026676178 0.039844006299972534 0.5742470026016235
2.0 0.4281250089406967 0.7829700112342834 0.2187500298023224 0.06230497360229492
3.0 0.9804689884185791 0.6111109852790833 0.0390620231628418 0.22533702850341797
4.0 0.878125011920929 0.39200401306152344 0.1859380006790161 0.12357199192047119
5.0 0.6828129887580872 0.7705090045928955 0.2109379768371582 0.07476603984832764
6.0 0.6722660064697266 0.5451710075139999 0.24921894073486328 0.386292964220047
7.0 0.1054690033197403 0.5742470026016235 0.109375 0.13291800022125244
8.0 0.8792970180511475 0.6168220043182373 0.1773439645767212 0.292834997177124
8.0 0.44492200016975403 0.5508829802274704 0.22578102350234985 0.20872297883033752
