0.0 0.4025410995019746 0.4070802620394808 0.2832197100855862 0.19098094985210773
1.0 0.22747588560673482 0.6727883565291585 0.12888471063380805 0.6133299818887099
2.0 0.4494690303618253 0.8372149239152987 0.23378740653943525 0.13099629993213102
3.0 0.9657425690133001 0.5230254965659584 0.06174350925610084 0.22178230514487712
4.0 0.8534096495519956 0.3355723713468282 0.201974846068944 0.17450073668630298
5.0 0.7018636432269665 0.7538776963314329 0.22229148982201263 0.1279719586897522
6.0 0.6745399018741431 0.5329448766528375 0.27898163379220897 0.43944890818737953
7.0 0.07930378544754228 0.6805421242831127 0.13998636945600199 0.19832245562003636
8.0 0.8756924785063134 0.5467158389105131 0.1957489900229724 0.3255488014650663
9.0 0.4360637705563667 0.5813931455943036 0.280729645422831 0.30777681092774295
