1.0 0.23277247869281392 0.6508250186687599 0.1442850799715978 0.5934740395538338
7.0 0.08329882155068118 0.6729322693635861 0.11960777678466758 0.17387223165585075
6.0 0.6361660222517903 0.46962573064862884 0.31570477784070716 0.4593412591135827
5.0 0.6891822088209822 0.6800893015335955 0.21357142422188014 0.1277247402305166
2.0 0.44444330537616183 0.7869127915761949 0.22626801251557577 0.13775621421986395
9.0 0.4194213049914389 0.540130692969518 0.2758630922432295 0.31000460757339393
0.0 0.37034040547849334 0.37619834366688876 0.26858059258157246 0.1821697147174285
3.0 0.9477365090489732 0.42238244716914475 0.07471741953529887 0.2106080938243664
8.0 0.8539545939522188 0.47509996726641324 0.2178423115346556 0.314366271803491
4.0 0.8138619486532026 0.2559713836595931 0.2010487626634998 0.1782460107727398
