1.0 0.20721932262233678 0.6332317589109615 0.09902002303806237 0.5922109790813829
7.0 0.08540924001535853 0.6079777909220146 0.13869350217459922 0.18358228522897657
0.0 0.411005614704433 0.39768545039872605 0.2501197411405421 0.12863368362714617
9.0 0.4346489498910838 0.557900709977259 0.26401020943808745 0.2577004657323538
2.0 0.43548186834748603 0.80155469985984 0.2213443023496649 0.09403232952498264
3.0 0.9700052531355382 0.5450962736833586 0.05998949372892359 0.21617236928968303
8.0 0.8758551982538424 0.5762201402758755 0.20745965747103923 0.30334576033633087
5.0 0.6873044984266946 0.7458215564959385 0.21192487659746218 0.09825151740388482
6.0 0.6519157360936689 0.5276494707615217 0.28655658324329336 0.4084576650140836
4.0 0.8431302531399623 0.3526135104822886 0.19119169515597234 0.1405569767070315
