1.0 0.1661332767257939 0.48458178218730014 0.06792977022551872 0.5736777567789354
7.0 0.06132882018907502 0.44446183822210017 0.10962921600835891 0.16081833465337536
0.0 0.3939862560755808 0.27320227822477094 0.2532952184420754 0.10804225568627918
9.0 0.4070792769766594 0.4393213856774671 0.24514189210062443 0.2501138511420159
2.0 0.3906617390201166 0.681163149115525 0.21329676437574835 0.08435499894892984
6.0 0.6254393035723496 0.44771189157199087 0.2562468909206955 0.3899028203458635
4.0 0.8273798126885804 0.30684469747336274 0.17966144557136232 0.12646296786952865
3.0 0.9267544395571515 0.5154146923059238 0.03727549588413037 0.2008489660761778
8.0 0.8271796171851455 0.5296062989075684 0.1747818497350292 0.27368008723751913
5.0 0.6336474262243608 0.661365837852208 0.19990506042655265 0.07452192394800095
