1.0 0.17218700051307678 0.5589699745178223 0.03812500834465027 0.6162790060043335
9.0 0.4037500023841858 0.5 0.2437499761581421 0.24252498149871826
2.0 0.3787499964237213 0.7508310079574585 0.22624999284744263 0.06146204471588135
7.0 0.04968800023198128 0.511213019490242 0.09812500327825546 0.15697702765464783
0.0 0.39218802750110626 0.3243359923362732 0.2631250321865082 0.10382097959518433
4.0 0.8484370112419128 0.3496679961681366 0.19187498092651367 0.12292402982711792
3.0 0.9515619874000549 0.5776579827070236 0.031875014305114746 0.21013298630714417
8.0 0.8471869826316833 0.5909469723701477 0.1731250286102295 0.27823901176452637
5.0 0.6462500095367432 0.7371259927749634 0.21125006675720215 0.07059800624847412
6.0 0.6296870112419128 0.5041530132293701 0.2593749761581421 0.400331974029541
