0.0 0.39656199514865875 0.2699339985847473 0.2343749701976776 0.11295700073242188
1.0 0.18031199276447296 0.47259102761745453 0.06187501549720764 0.43687704205513
2.0 0.37812501192092896 0.6561459898948669 0.22249996662139893 0.066444993019104
3.0 0.9096869826316833 0.502076044678688 0.04812502861022949 0.19518300890922546
4.0 0.8149999976158142 0.30564799904823303 0.17250001430511475 0.10631197690963745
5.0 0.6265630125999451 0.6399499773979187 0.21187496185302734 0.07059800624847412
6.0 0.614999994635582 0.43314000964164734 0.2474999725818634 0.3546510338783264
7.0 0.08468700014054775 0.4327239990234375 0.10312499478459358 0.1179400086402893
8.0 0.8040630221366882 0.5166109651327133 0.17437493801116943 0.2524919807910919
9.0 0.40062497556209564 0.42358800768852234 0.23749998211860657 0.20598000288009644
