1.0 0.20999999344348907 0.5880399942398071 0.034999996423721313 0.5564780235290527
7.0 0.08593799732625484 0.5502489805221558 0.09812499955296516 0.14368796348571777
9.0 0.4099999964237213 0.54277403652668 0.2225000262260437 0.2201000154018402
2.0 0.387813001871109 0.7691029906272888 0.2068750262260437 0.05149495601654053
0.0 0.40281298756599426 0.38081398606300354 0.2381250262260437 0.09385401010513306
4.0 0.8162500262260437 0.4161129891872406 0.17124998569488525 0.10631197690963745
3.0 0.9106249809265137 0.6200169920921326 0.034999966621398926 0.1968439817428589
8.0 0.8209369778633118 0.6316450238227844 0.16687500476837158 0.2632889747619629
5.0 0.6331250071525574 0.7624580264091492 0.19249999523162842 0.06478404998779297
6.0 0.6184369921684265 0.550664022564888 0.234375 0.3637870252132416
