1.0 0.17890526009549218 0.6081826255940361 0.1573083951725065 0.5995661223715965
7.0 0.047357502905568206 0.6191860336472759 0.09471500581113641 0.18232132654679767
9.0 0.3699584973401328 0.4786256497200583 0.2898735663473221 0.3232078545145265
2.0 0.4065814334190215 0.7315545219200057 0.23568352289001415 0.14626150617847788
3.0 0.9031601754653884 0.3507523355941137 0.07313464398693725 0.21046934708541168
5.0 0.6568288546965529 0.6142586010848909 0.21827123879549237 0.1380273872448795
6.0 0.5988332626664447 0.39912687994741025 0.32558848807590784 0.46904474348866887
4.0 0.7647679654918459 0.1769705819548721 0.19146736795872443 0.16858707550586055
0.0 0.32583129876772454 0.313204207431604 0.2736783517357222 0.18482865256287473
8.0 0.8182670644521771 0.40050977101437024 0.21184541658651113 0.322660711753302
