0.0 0.41281382843561176 0.3132384475203892 0.26691220619211825 0.1664889265931421
1.0 0.20215045786642893 0.4614585297696715 0.112464880441427 0.4664079862231558
2.0 0.3468609649238429 0.7133027205786504 0.23337042056715387 0.12322269121435436
3.0 0.8991273250387954 0.6820190745318733 0.0661380264085697 0.21467205459184935
4.0 0.8375541075010078 0.4516173242457075 0.19638567902015092 0.15968337236738994
5.0 0.5959455922372585 0.7648431725552164 0.21166248920918262 0.1198614187055238
6.0 0.6163884317283147 0.5441573559885184 0.3064628694174482 0.4360138135748747
7.0 0.0616699294178216 0.41223396513634997 0.11921688186670988 0.16365549283573566
8.0 0.7995169173230721 0.6685217884350101 0.2057220038795049 0.3014853558103563
9.0 0.3967679361499268 0.48300990325242865 0.2679271604238899 0.29592658114151243
