1.0 0.2122447548019309 0.5907901333363521 0.06596758968602548 0.5835779853366359
7.0 0.08102354021305663 0.5492328016180744 0.11233145412334478 0.151654441257494
9.0 0.4205038187814286 0.5563319396898905 0.2415019638623312 0.24884327447717802
0.0 0.4118753017192884 0.38703604368439615 0.2557151421289062 0.1172136810405745
2.0 0.3912739437254176 0.808571616472554 0.21431603822625384 0.07249747001776663
6.0 0.6407765063515234 0.5733104259581507 0.26664859991517453 0.40188183623707474
5.0 0.6467194983786795 0.8031378743313624 0.20960342325107595 0.08049388267813296
8.0 0.8494140286872438 0.6748097002554694 0.1820933413718504 0.2974376895252677
3.0 0.9538789875565039 0.6661224582225066 0.04259099344544415 0.2079084032726919
4.0 0.8644843804279766 0.43418980983573074 0.19514884582339187 0.1317908448772953
