0.0 0.42131228484408356 0.35348016623334544 0.2513836288791383 0.14549043171541093
1.0 0.21607709007151985 0.5171872078831794 0.11364733739263794 0.5601709235440756
2.0 0.36281852920091806 0.741722142773713 0.22021866471139756 0.11224508647667908
3.0 0.893876359099445 0.710047096653581 0.05566367239393788 0.1978725352916536
4.0 0.8337977888860281 0.48936544273370797 0.18680083512874712 0.14612448660536498
5.0 0.6037497755914274 0.7860677537009719 0.20553180624213652 0.10974638041426588
6.0 0.615123733668306 0.5717243696564402 0.2767574270290603 0.4065883323879738
7.0 0.09308986663950816 0.4474901361787363 0.10702668494626034 0.14971645678318535
8.0 0.8009333671120646 0.6807797334846695 0.1845601558671257 0.28406651657607596
9.0 0.40128808439816993 0.513660408826763 0.24161256549494958 0.2618522250855053
