1.0 0.17499999701976776 0.5444350391626358 0.043749988079071045 0.5971760451793671
7.0 0.07374999672174454 0.5053989887237549 0.09624999761581421 0.15531599521636963
9.0 0.41499999165534973 0.48463499546051025 0.23250001668930054 0.2367110252380371
2.0 0.3968749940395355 0.7317280173301697 0.2149999737739563 0.06312298774719238
0.0 0.40156200528144836 0.3147839903831482 0.25437504053115845 0.1029900312423706
4.0 0.8440629839897156 0.33970099687576294 0.18062496185302734 0.1162790060043335
3.0 0.9424999952316284 0.5494189858436584 0.03250002861022949 0.20348799228668213
8.0 0.8421869874000549 0.5693519860506058 0.16812503337860107 0.2699340283870697
6.0 0.6321880221366882 0.4871259778738022 0.24937498569488525 0.38953498005867004
5.0 0.6506249904632568 0.7113789916038513 0.20624995231628418 0.06395304203033447
