0.0 0.5006250143051147 0.4025000035762787 0.17750000953674316 0.08499997854232788
1.0 0.3487499952316284 0.555417001247406 0.029999971389770508 0.4075000286102295
2.0 0.49156299233436584 0.71875 0.14937502145767212 0.0625
3.0 0.8771880269050598 0.5958330035209656 0.025624990463256836 0.1549999713897705
4.0 0.817812979221344 0.4395830035209656 0.1168750524520874 0.09583300352096558
5.0 0.6768749952316284 0.7124999761581421 0.15875005722045898 0.06500005722045898
6.0 0.6703119874000549 0.5375000089406967 0.18562495708465576 0.29999998211860657
7.0 0.27687499672174454 0.5379170179367065 0.07125000655651093 0.09916698932647705
8.0 0.8131250143051147 0.6050000190734863 0.11374998092651367 0.19499993324279785
9.0 0.5071880221366882 0.5249999761581421 0.17562496662139893 0.1716669797897339
