0.0 0.38486904003851413 0.4018144037124489 0.2730281054737099 0.1509087617291351
1.0 0.1741563332887187 0.6686177841256249 0.08978637223933086 0.6026423159952232
2.0 0.4183129556865393 0.8368438317695776 0.2261922098484469 0.10130900715349744
3.0 0.9613649122751626 0.5499734692732697 0.059056472272064564 0.21975960296135716
4.0 0.8450643475076828 0.3530293771996619 0.19915183252738822 0.1590652329457431
5.0 0.6757974961269574 0.7695697084865383 0.21829322775513393 0.09452989181223581
6.0 0.6394372558151028 0.5415251060052868 0.2835276564292326 0.42883129171294765
7.0 0.06624963913177606 0.6287353837323495 0.10363121749459683 0.14961334760862222
8.0 0.8552724981136024 0.5716193705356922 0.18493690192852463 0.29707010875158585
9.0 0.41067957890440243 0.585772526350195 0.24525339842094263 0.27238026834264284
