0.0 0.39939986240887926 0.33497104213951245 0.2716873762605634 0.12616594649065654
7.0 0.06555188299622311 0.5469648124651262 0.10912750207181257 0.16241837133140646
1.0 0.21386314649595084 0.5743285123621971 0.06297490700153921 0.6032725838854318
2.0 0.3998715626924631 0.7660596891096569 0.2207599203441558 0.07746768226699285
5.0 0.6699088619741886 0.7409577729435651 0.21980333339181046 0.08568688797735535
6.0 0.6488015256854004 0.5057155566916159 0.26954017931461705 0.419087464772151
2.0 0.9745203046924442 0.5627691913655793 0.050959390615111455 0.21348824953301798
4.0 0.8731752296520188 0.3387754511500463 0.20324615539424074 0.12853328421726662
8.0 0.8718373073645678 0.576243958394224 0.1860753359815578 0.29551797752869147
9.0 0.41595085493587935 0.5118775024953054 0.25212891851664415 0.26071542956076327
