0.0 0.3987500071525574 0.3853819966316223 0.2487499713897705 0.09800702333450317
1.0 0.21687500178813934 0.5996680110692978 0.04249998927116394 0.5764119923114777
2.0 0.39500001072883606 0.7898669838905334 0.21999996900558472 0.06146204471588135
3.0 0.9281250238418579 0.6270760297775269 0.03250002861022949 0.20431900024414062
4.0 0.8315619826316833 0.4136210083961487 0.18187499046325684 0.11295700073242188
5.0 0.6428130269050598 0.7778239846229553 0.2018749713897705 0.06395304203033447
6.0 0.6246870160102844 0.5585550218820572 0.23812496662139893 0.3712620437145233
7.0 0.0828119982033968 0.5573089569807053 0.10062500461935997 0.12126198410987854
8.0 0.828125 0.6233389973640442 0.1625000238418579 0.2649500370025635
9.0 0.4059379994869232 0.5510799884796143 0.22062498331069946 0.218438982963562
