0.0 0.3807466513110161 0.334078789743138 0.26197138527397457 0.11448624977837729
1.0 0.17566420878254566 0.5554000000552339 0.0627054232599552 0.5650284826219412
2.0 0.3738582113998478 0.7495435545048658 0.22080622956305596 0.06858447481728347
3.0 0.931980424497884 0.5628720545291278 0.035576149257507184 0.2081106941938869
4.0 0.8284216083277698 0.35298350508094545 0.17990672672993469 0.12465514109587505
5.0 0.6357408329594065 0.7320361869076658 0.2129561809090722 0.07815582577799929
6.0 0.6197444534427804 0.4992609961944524 0.2696343416696569 0.3975261163396992
7.0 0.046585523190745604 0.5117053143789255 0.09148378465312973 0.13037513271317042
8.0 0.8288658729596052 0.5657238203485834 0.16249533758716872 0.2879555445497759
9.0 0.38994751771758673 0.5006908747903974 0.250931537722314 0.23664384877827965
