1.0 0.14018754994171112 0.4920831796658778 0.10039963431410717 0.6202782917889484
9.0 0.4073215164777086 0.49499009380428083 0.2623881289114195 0.28445520069767244
2.0 0.3552222799283037 0.7436785973068379 0.22695502589203218 0.09503429452346834
0.0 0.40695809675237526 0.31434279344230903 0.2756691957966109 0.14809138710011086
7.0 0.04723317068271573 0.45280028269295636 0.09446634136543146 0.16990151513817536
6.0 0.6312331172161367 0.5355833573247786 0.2972252254869877 0.43877907956952794
4.0 0.8813978793511936 0.4259458468806694 0.21293580584550087 0.15231550338598293
3.0 0.9522198639195973 0.6646317407360075 0.04684704133672801 0.22210753334511057
8.0 0.840831848906926 0.6613531914264463 0.19788680919932478 0.3177161334971552
5.0 0.6240525554751821 0.7777802672827243 0.21436987333985535 0.10531637906102997
