0.0 0.37062499672174454 0.3941029906272888 0.2587500065565109 0.1187710165977478
1.0 0.19437499344348907 0.6345509886741638 0.05125001072883606 0.5963460206985474
2.0 0.37343698740005493 0.825996994972229 0.2281249761581421 0.06229197978973389
3.0 0.916562020778656 0.6416109800338745 0.04062497615814209 0.218438982963562
4.0 0.8165619969367981 0.42981699109077454 0.19312500953674316 0.12209302186965942
5.0 0.6193749904632568 0.8060629963874817 0.19249999523162842 0.06893694400787354
6.0 0.6028120070695877 0.5809800177812576 0.24687501788139343 0.3895350396633148
7.0 0.04437499865889549 0.5855479836463928 0.08749999850988388 0.12790703773498535
8.0 0.807187020778656 0.6432719826698303 0.16187500953674316 0.2649500370025635
9.0 0.37687501311302185 0.575996994972229 0.22874999046325684 0.23837196826934814
