0.0 0.37964689427423576 0.42004031062454983 0.27412392120867024 0.1726236514916935
1.0 0.18136969940406603 0.6984259338872605 0.1159967389301802 0.603148132225479
2.0 0.4352194925518253 0.8304190826906768 0.23088554809782214 0.12627876323507325
3.0 0.9701166423526388 0.5131323091009318 0.05976671529472244 0.23708264862297596
4.0 0.8390152618435752 0.32532134278656627 0.21870958585358213 0.18542045798639428
5.0 0.6818743359179282 0.7506676619028977 0.21690198588648857 0.11026036689770136
6.0 0.6499623579766904 0.5345422396009724 0.2816970805593103 0.421503514144627
7.0 0.07253850730651962 0.6861375352526554 0.12526900166309196 0.18790432678725666
8.0 0.8616039967471957 0.5492744813002494 0.20706427169642638 0.31545596630928235
9.0 0.4032769217111152 0.5916729102457383 0.27264611123001004 0.29391789902056276
