0.0 0.39575326478685513 0.41048474337894875 0.2819525450143687 0.15059548031779257
1.0 0.1644205252413485 0.6160340834591502 0.07964224283943615 0.5886871725924372
2.0 0.370844236782441 0.8318267984837631 0.2396532370772272 0.10107896085453816
3.0 0.9486704156476573 0.6919987665887437 0.05049897409890314 0.250098149102037
4.0 0.8534183951238261 0.4706090860500084 0.20789965242227548 0.16999867616942033
5.0 0.6261036829307409 0.8343196119132704 0.21858135168744397 0.08456573917218924
9.0 0.3912801375243475 0.5802967812783011 0.2664176732695812 0.2736453798037824
7.0 0.06217321909745416 0.5712022046936125 0.12434643819490832 0.1530031337761918
8.0 0.836038287863075 0.7026579680746231 0.20303783323751168 0.28999154815767914
6.0 0.6299665100348515 0.5988437006022723 0.27579256251861206 0.4125611801540849
