1.0 0.15125000476837158 0.5755810290575027 0.043749988079071045 0.6611300408840179
7.0 0.030937000177800655 0.5452659726142883 0.06062500365078449 0.16694402694702148
9.0 0.387813001871109 0.5240859985351562 0.25187498331069946 0.2541530132293701
2.0 0.3675000071525574 0.7906979918479919 0.2250000238418579 0.06146204471588135
0.0 0.3746879920363426 0.33720898628234863 0.27687497437000275 0.11129599809646606
4.0 0.8565629720687866 0.3608799874782562 0.19812500476837158 0.1337209939956665
3.0 0.9681249856948853 0.6009140014648438 0.03125 0.22840499877929688
8.0 0.8534370064735413 0.6162789911031723 0.18812501430511475 0.3006639778614044
5.0 0.6409379839897156 0.7736709713935852 0.21812498569488525 0.07059800624847412
6.0 0.6253129839897156 0.531561017036438 0.2693749666213989 0.4186049699783325
