1.0 0.20366708008424633 0.5087400058983124 0.07334147615287809 0.5521522596734896
7.0 0.06705358420153018 0.4531561778310724 0.11693382120640344 0.16447250286437415
9.0 0.39043866255546256 0.4820939702665641 0.23667555995012046 0.24794241817643164
2.0 0.36157014630550455 0.7155506010486052 0.20731255480385635 0.08030781122833486
0.0 0.39430454790950953 0.32498226893528764 0.24172316765580787 0.11544396326947715
4.0 0.8053223223643067 0.40058715481313123 0.17943475719722468 0.12723776464627146
6.0 0.5991898668098994 0.5133887849852998 0.25799555008090697 0.386731534821992
5.0 0.59830930369918 0.7262774964654368 0.19710032717061787 0.08489395460460514
8.0 0.7920590339062528 0.6158152390862679 0.1783734014609374 0.28319105015695123
3.0 0.8910439447059596 0.6129251934308939 0.0411421812932633 0.19690592559920428
