0.0 0.360622671511061 0.4167412467396966 0.27762576687516605 0.19287630492146463
1.0 0.1549417781266143 0.6772513928827939 0.14622042051678208 0.5803764508179242
2.0 0.4181974861931724 0.8191881539516488 0.23633006749060825 0.13222567081509662
3.0 0.9556869650494135 0.5122536643766409 0.07304479047165435 0.2337204923746657
4.0 0.821346089252611 0.3156045984644329 0.21761520253502464 0.18142636902843878
5.0 0.6705813898123267 0.7545168743616656 0.2258866449735616 0.13151337967315513
6.0 0.6268024460092187 0.5267306935120084 0.3172322624471142 0.47104331507989305
7.0 0.07077560801683304 0.6866573906222786 0.12178950445295975 0.17258013231900604
8.0 0.8475225268979079 0.53996990349126 0.21811514001982835 0.33765303428505433
9.0 0.3953387277255599 0.5902707860491307 0.2771651062874945 0.30173290289819643
