6.0 0.6174784136938715 0.6120549735457069 0.30717182674490134 0.4429080915935026
1.0 0.16177461923020484 0.5026390560626038 0.13361475237140552 0.5810779827789161
2.0 0.3353317061349883 0.7687179913459457 0.24006422928947674 0.12834886462793704
3.0 0.907165623629019 0.7750472578569204 0.0652849029690239 0.21487048712408274
4.0 0.8509448198218194 0.5392685364120652 0.20130473179019992 0.17114905832242927
5.0 0.5907265806161067 0.8413788240617379 0.21486249443952782 0.13087092575534076
8.0 0.7944162131553045 0.7594561459227904 0.18748510341930047 0.31389302211147807
9.0 0.3961257616715197 0.5403381919599256 0.2780858082255937 0.3040905036439237
7.0 0.06722183104705444 0.4394229287027547 0.12756936524371829 0.18954386558614295
0.0 0.4196776972487934 0.37084133580484 0.2658662803341697 0.17386638322268932
