0.0 0.38727893031292215 0.5729671819665093 0.2777524698556164 0.18179833977370724
1.0 0.19713861879709763 0.8123369337208788 0.1315768053505753 0.37532613255824254
2.0 0.45500002925401334 0.9526565001325842 0.22593640650303015 0.09468699973483174
3.0 0.9688430822179877 0.6292995389006416 0.06231383556402481 0.2099808249849615
4.0 0.8346581302440588 0.45649751710091074 0.20407065721056683 0.1691358043325325
5.0 0.6974787567160488 0.8758204826308383 0.21286689139259474 0.12357467803592792
6.0 0.6501477417362128 0.6644554384774986 0.3108754035052543 0.43863712113146225
7.0 0.09398312223818725 0.8488485345739661 0.10959146869212126 0.15621506849940592
8.0 0.870040224696583 0.6544836494629437 0.2077074116314822 0.3127383443775043
9.0 0.41858140748995853 0.7419441684028611 0.2714548673000822 0.3047315669933812
