0.0 0.3942725548370398 0.3703985680265779 0.26943592626582213 0.17467475628836598
1.0 0.23086549066375933 0.6128942551626861 0.11050694240036815 0.571089405032194
2.0 0.4316491855753073 0.7734202722369747 0.21615879885547457 0.11276957268450571
3.0 0.9500460317924747 0.49727250484600893 0.062439641096185605 0.21298409916337563
4.0 0.827072022735888 0.3129494926574721 0.1916410060295859 0.1520346361746844
5.0 0.680071243974722 0.7105256872480681 0.21963691721532874 0.126286909490546
6.0 0.6406723817524685 0.49272201474354077 0.28669047108951334 0.42956613148562484
7.0 0.09447720924571995 0.6036599651757545 0.12468160861641608 0.1780066168895158
8.0 0.8476295866641846 0.5193110741291644 0.19011073862168826 0.3039580083509773
9.0 0.41853170205970236 0.5325970211377142 0.25327465628352425 0.27157353477502333
