0.0 0.3909370005130768 0.28696000576019287 0.25437504053115845 0.11711001396179199
1.0 0.205936998128891 0.5045679658651352 0.048124998807907104 0.5855479538440704
2.0 0.37843701243400574 0.7026579976081848 0.2318750023841858 0.06478404998779297
3.0 0.9515619874000549 0.5186880230903625 0.061874985694885254 0.22508299350738525
4.0 0.8415619730949402 0.308555006980896 0.19437503814697266 0.13039898872375488
5.0 0.6462500095367432 0.6931059956550598 0.22125005722045898 0.07558095455169678
6.0 0.6331250071525574 0.4617939740419388 0.26125001907348633 0.39036497473716736
7.0 0.07500000111758709 0.47259101271629333 0.10499999299645424 0.13953500986099243
8.0 0.8428120017051697 0.5382059812545776 0.16687500476837158 0.2823920249938965
9.0 0.40031298995018005 0.45847201347351074 0.23562496900558472 0.2358800172805786
