0.0 0.3829779849299798 0.400865587232079 0.2586372172919813 0.12944321493164518
1.0 0.1462783077957522 0.5860929281747769 0.0861255336786338 0.5819975158528146
2.0 0.34885626270991965 0.8040582211649938 0.22024227881790348 0.09535460703023213
3.0 0.878001367230048 0.7060415987321957 0.054341619480297476 0.19959344549228664
4.0 0.7987181300915874 0.483266916278445 0.1783668988575604 0.13910613651435422
5.0 0.5910072886003683 0.8180294473053761 0.2090577425814496 0.0937446375237061
6.0 0.5913188183990377 0.6021173991095312 0.2625593092128003 0.39603871936107493
7.0 0.04815477209610715 0.5243677811971336 0.0963095441922143 0.13462051486842408
8.0 0.7798593590189701 0.6914959729719431 0.181446289490365 0.2823566917550966
9.0 0.3794586189744761 0.5674436750151362 0.2342058118491545 0.2515975402576962
