1.0 0.1913373096200194 0.5379077128385563 0.13712982709189453 0.5860513772745527
0.0 0.3776416007404382 0.2599579621093923 0.26011019745356573 0.17453043755462705
2.0 0.44735232983932327 0.6669260354266993 0.2226161829128655 0.1253205762449774
3.0 0.9407128594527578 0.33492699261655473 0.06393075729344522 0.2031491705336199
6.0 0.629415440594566 0.3617163681456018 0.3047021670603557 0.43939205174999185
5.0 0.6820402626558548 0.5747326153603365 0.20617117088053483 0.12316511880404735
7.0 0.08955393328226197 0.5274269869631621 0.13025979426830464 0.18602961637141885
9.0 0.4150802168859795 0.4222832872679635 0.26659794350238264 0.2939561317377357
4.0 0.8100182717675661 0.16667885840856997 0.18854032366818785 0.1656025096267848
8.0 0.8426943328392227 0.381312004846998 0.2013112146242062 0.3136913280682474
