0.0 0.39804700016975403 0.40342700481414795 0.23984402418136597 0.11526501178741455
1.0 0.21679699420928955 0.6100729554891586 0.0507810115814209 0.5430939495563507
2.0 0.38867199420928955 0.7985460162162781 0.200780987739563 0.07476603984832764
3.0 0.9121090173721313 0.6251299977302551 0.03828096389770508 0.20768404006958008
4.0 0.8183590173721313 0.4231570065021515 0.18046903610229492 0.11526501178741455
5.0 0.630469024181366 0.7767390012741089 0.2015630006790161 0.07061302661895752
6.0 0.621874988079071 0.5623049736022949 0.2281249761581421 0.36656296253204346
7.0 0.0773440022021532 0.5825549960136414 0.11718800291419029 0.13084101676940918
8.0 0.8082029819488525 0.6313599944114685 0.158594012260437 0.26791298389434814
9.0 0.40703099966049194 0.5591899752616882 0.2250000238418579 0.23156797885894775
