1.0 0.12343800067901611 0.5261629670858383 0.04062500596046448 0.6486709415912628
7.0 0.0365619994699955 0.49335500597953796 0.07187499850988388 0.16445201635360718
0.0 0.3778120055794716 0.2902820110321045 0.2693750113248825 0.10548198223114014
4.0 0.8568750023841858 0.32018300890922546 0.19749999046325684 0.12375402450561523
3.0 0.9618750214576721 0.5465120226144791 0.03750002384185791 0.22259101271629333
8.0 0.8528119921684265 0.5660300403833389 0.18562495708465576 0.29318901896476746
5.0 0.6440619826316833 0.7192689776420593 0.22062504291534424 0.07142901420593262
2.0 0.36531201004981995 0.7375419735908508 0.234375 0.06478404998779297
9.0 0.3981249928474426 0.47508300840854645 0.2549999952316284 0.24750801920890808
6.0 0.628125011920929 0.47508299350738525 0.26499998569488525 0.40863800048828125
