0.0 0.505312979221344 0.3941670060157776 0.18812501430511475 0.09000003337860107
1.0 0.3478130102157593 0.5612499713897705 0.029375016689300537 0.43083298206329346
2.0 0.49562498927116394 0.7295830249786377 0.1587499976158142 0.0625
3.0 0.8978130221366882 0.6000000238418579 0.02812504768371582 0.16666698455810547
4.0 0.8359379768371582 0.43458300828933716 0.12562501430511475 0.10416698455810547
5.0 0.6909369826316833 0.7200000286102295 0.16812503337860107 0.06666696071624756
6.0 0.6784380078315735 0.5362499952316284 0.203125 0.3091670274734497
7.0 0.26656201481819153 0.5400000214576721 0.07562500238418579 0.10500001907348633
8.0 0.8337500095367432 0.6162499785423279 0.10874998569488525 0.2091670036315918
7.0 0.5071880221366882 0.5254169702529907 0.17562496662139893 0.18583297729492188
