0.0 0.39656202495098114 0.4019930064678192 0.28187504410743713 0.11960101127624512
1.0 0.1546880006790161 0.6387040168046951 0.056874990463256836 0.6179400384426117
2.0 0.4009380042552948 0.8413619995117188 0.24062496423721313 0.06146204471588135
3.0 0.9762499928474426 0.6432719826698303 0.03624999523162842 0.22342205047607422
4.0 0.8837500214576721 0.4202660024166107 0.19875001907348633 0.12624603509902954
5.0 0.6684380173683167 0.8139529824256897 0.22187495231628418 0.07475101947784424
6.0 0.6546869874000549 0.5780730247497559 0.26312506198883057 0.4019930362701416
7.0 0.055312998592853546 0.5988370180130005 0.109375 0.1511629819869995
8.0 0.8690620064735413 0.6536539793014526 0.18187499046325684 0.299003005027771
9.0 0.4140619933605194 0.578073039650917 0.25312501192092896 0.24750801920890808
