0.0 0.39625000953674316 0.16154499351978302 0.29250001907348633 0.16029900312423706
1.0 0.1525000035762787 0.4107140004634857 0.052500009536743164 0.740032970905304
2.0 0.38093701004981995 0.652409017086029 0.25937503576278687 0.07392001152038574
3.0 0.9762499928474426 0.45307300984859467 0.041249990463256836 0.22176101803779602
4.0 0.8809379935264587 0.23380400240421295 0.18812501430511475 0.12375399470329285
12.0 0.6803119778633118 0.6374580264091492 0.22562503814697266 0.07392001152038574
6.0 0.6631249785423279 0.3853820040822029 0.2749999761581421 0.4202660173177719
7.0 0.0474999975413084 0.37998300790786743 0.07124999538064003 0.15863800048828125
8.0 0.8715630173683167 0.46968400478363037 0.18437504768371582 0.3014949560165405
9.0 0.4009380042552948 0.37292400002479553 0.2943750023841858 0.27242499589920044
