1.0 0.26367199420928955 0.5083069801330566 0.03359401226043701 0.5389410257339478
6.0 0.6582030057907104 0.458981990814209 0.2445310354232788 0.36344802379608154
7.0 0.13398399949073792 0.47248199582099915 0.10390600562095642 0.13707202672958374
2.0 0.4312499910593033 0.6921079754829407 0.2031249701976776 0.05296003818511963
3.0 0.9519529938697815 0.5275179594755173 0.022655963897705078 0.197299987077713
5.0 0.6714839935302734 0.6770510077476501 0.1992189884185791 0.06230497360229492
8.0 0.8628910183906555 0.5342680066823959 0.1617189645767212 0.26479795575141907
4.0 0.861719012260437 0.31931498646736145 0.16718697547912598 0.11526501178741455
0.0 0.435155987739563 0.2990649938583374 0.2359369993209839 0.09345799684524536
9.0 0.4464839845895767 0.456385999917984 0.2226559817790985 0.2253369688987732
