0.0 0.3958662630176448 0.35144997846082676 0.258652044818188 0.16169568508365784
1.0 0.2179381903274959 0.6115289907984253 0.11955001167320059 0.5710720865740102
2.0 0.4556884528591928 0.7489071425724948 0.2144808861920417 0.10959195412190281
3.0 0.9476957806576032 0.4427240618270008 0.06612799232062205 0.20857040439103292
4.0 0.8234422889004452 0.26715877371603053 0.19499517618207052 0.15492556154176765
5.0 0.6822487284185805 0.6629195841184503 0.20317039051276853 0.10907033094882412
6.0 0.6392899552678357 0.4531349813366774 0.2874145263652203 0.4228363357299718
7.0 0.11174343782246686 0.598808387137044 0.11481655273605543 0.13609223079956734
8.0 0.8444464753515255 0.45927462460360985 0.19092194563446319 0.28669280514168116
9.0 0.4271347235528088 0.5088191322084142 0.25152245896095443 0.27225433753583267
