0.0 0.34218698740005493 0.3558970093727112 0.22062498331069946 0.10714298486709595
1.0 0.17937499284744263 0.5523260235786438 0.03999999165534973 0.465116024017334
2.0 0.3334369957447052 0.7113789916038513 0.19312500953674316 0.05398702621459961
3.0 0.7946869730949402 0.5564780235290527 0.036875009536743164 0.19767403602600098
4.0 0.7128120064735413 0.3766610026359558 0.15937495231628418 0.11046499013900757
5.0 0.5515620112419128 0.6943519711494446 0.18187499046325684 0.06976699829101562
9.0 0.3449999988079071 0.4991689920425415 0.19875001907348633 0.200996994972229
7.0 0.0715629979968071 0.5174420028924942 0.09437499940395355 0.1345510184764862
6.0 0.5456249713897705 0.5045679807662964 0.20249998569488525 0.3264119625091553
8.0 0.6996880173683167 0.5564780235290527 0.1393749713897705 0.2375420331954956
