1.0 0.19161571032474578 0.6729390269910768 0.1480209723574997 0.6170433368503867
7.0 0.0705862489246391 0.6661373954820802 0.13106857463687255 0.1899480590297401
9.0 0.41505217736894906 0.5365140136029934 0.2774404044583268 0.31228267841635216
2.0 0.44448206172937643 0.7963601355006505 0.23103404503818248 0.13354929158198248
0.0 0.3753818003356199 0.37202038055868 0.2711619963850428 0.18080970122501894
4.0 0.8238061945696009 0.25952279101771025 0.20803396626451642 0.17819642033929856
3.0 0.9656891316789378 0.4354977735899316 0.06862173664212445 0.21677237514200765
8.0 0.8620877846753883 0.4839402825098893 0.21260848412879396 0.3280276287745358
5.0 0.6971956604000524 0.6926537028808921 0.21434195879099016 0.13259606285904557
6.0 0.6385205820665389 0.47109697389314986 0.3225231012178778 0.468634676696849
