1.0 0.17093700170516968 0.5610470026731491 0.05812498927116394 0.5606309473514557
0.0 0.39156201481819153 0.34385401010513306 0.24812501668930054 0.09966802597045898
4.0 0.8256250023841858 0.3629570007324219 0.18375003337860107 0.11295700073242188
6.0 0.6234369874000549 0.5053989887237549 0.2418750524520874 0.35797297954559326
9.0 0.41031302511692047 0.5070599764585495 0.22562500834465027 0.2134549915790558
2.0 0.3903129994869232 0.7367110252380371 0.2056249976158142 0.06146204471588135
3.0 0.9193750023841858 0.5610470175743103 0.04499995708465576 0.183555006980896
5.0 0.6381250023841858 0.715116024017334 0.20124995708465576 0.066444993019104
7.0 0.07062499783933163 0.5240859836339951 0.11374999955296516 0.1461789906024933
8.0 0.8306249976158142 0.5784880071878433 0.17375004291534424 0.2516610324382782
