4.0 0.8893965970544734 0.48035679531204856 0.220206546448924 0.1861318249420349
3.0 0.9465988685447453 0.7312834092361802 0.06609131128985701 0.214496714707049
2.0 0.33888706913969713 0.7373787053284423 0.23001193839051792 0.1235397835875347
5.0 0.6085040883749788 0.8001429411608343 0.22615144609311177 0.1316428702339708
6.0 0.6321740667581057 0.5557041714507507 0.32658379412298405 0.4749603298886991
8.0 0.8397657915724495 0.7154118549679775 0.2297524578111455 0.34691083308395776
7.0 0.05163945872040727 0.38429742632114094 0.10327891744081454 0.17867450710400307
9.0 0.4047933931676423 0.481612413707276 0.28375881197018754 0.3128091751476024
0.0 0.4208169694678497 0.3000061309905444 0.28716973196393625 0.18437231373722324
1.0 0.1730228705682808 0.46238226413221417 0.15916335225929523 0.6349988123103121
