0.0 0.39196829534255484 0.42673019534596646 0.2813630390642889 0.18836575505168013
1.0 0.23103182274323972 0.6996928881226374 0.13454565852743933 0.5786870151229851
2.0 0.4454107596846283 0.845617399529587 0.23914743680897982 0.13225340015023024
3.0 0.9665435000534878 0.5178664819776964 0.06691299989302446 0.2388745138347378
4.0 0.8345608012746324 0.33178784826173335 0.2115950630001756 0.1798541512975516
6.0 0.65208251213852 0.5320775152387717 0.30538687065208836 0.43943904097515624
5.0 0.701318766354105 0.7456697609695322 0.22964729087798752 0.12780281054494047
7.0 0.09198942234128786 0.699124537827134 0.15023758716138733 0.18333865451938924
9.0 0.42230546312236117 0.5881237190603912 0.28755560052703677 0.3094387403399892
8.0 0.8655577057795749 0.5485780275397888 0.21557924228037995 0.3306983074894892
