0.0 0.39656201004981995 0.3031559884548187 0.23312503099441528 0.10465097427368164
1.0 0.23531299084424973 0.5 0.04312498867511749 0.4302330017089844
2.0 0.3840619921684265 0.6735879778862 0.19812500476837158 0.06312298774719238
3.0 0.8899999856948853 0.5352990031242371 0.03624999523162842 0.19352197647094727
4.0 0.8040630221366882 0.33596301078796387 0.17562496662139893 0.10714298486709595
5.0 0.6103129982948303 0.6769099831581116 0.19312500953674316 0.07475101947784424
6.0 0.601562038064003 0.471345990896225 0.22687503695487976 0.3496679663658142
7.0 0.09937499836087227 0.4580560028553009 0.0924999937415123 0.09053200483322144
8.0 0.7918750047683716 0.5556480139493942 0.15374994277954102 0.20597997307777405
9.0 0.39937497675418854 0.4613789916038513 0.2187499701976776 0.19019901752471924
