0.0 0.3855470195412636 0.3971959948539734 0.2867190092802048 0.12357199192047119
1.0 0.13320299983024597 0.6438209861516953 0.05234399437904358 0.656281977891922
2.0 0.3777340203523636 0.8561789989471436 0.24921903014183044 0.06957399845123291
3.0 0.9671869874000549 0.6640710234642029 0.03750002384185791 0.2294909954071045
4.0 0.8699219822883606 0.43146398663520813 0.205469012260437 0.131879985332489
5.0 0.6566410064697266 0.837486982345581 0.2289060354232788 0.07788205146789551
7.0 0.041405998170375824 0.60384202003479 0.08124999701976776 0.15887904167175293
9.0 0.3945309966802597 0.5939769744873047 0.26406195759773254 0.24922096729278564
8.0 0.8597660064697266 0.6645900011062622 0.17109394073486328 0.30114197731018066
6.0 0.640625 0.5887849777936935 0.2578120231628418 0.4112149775028229
