0.0 0.41218702495098114 0.18313999474048615 0.25062504410743713 0.12707599997520447
1.0 0.17874999344348907 0.3965950012207031 0.05625000596046448 0.5988370180130005
2.0 0.4000000059604645 0.5992519855499268 0.22499996423721313 0.06893706321716309
3.0 0.9509369730949402 0.4327240139245987 0.04812502861022949 0.20598003268241882
4.0 0.8465620279312134 0.22508299350738525 0.17562496662139893 0.11461800336837769
5.0 0.6584380269050598 0.5880399942398071 0.21562504768371582 0.06976699829101562
6.0 0.6493750214576721 0.36669400334358215 0.24625003337860107 0.3712620139122009
7.0 0.07000000216066837 0.35963499546051025 0.10375000163912773 0.132889986038208
8.0 0.8446879982948303 0.441444993019104 0.16812503337860107 0.2715950012207031
9.0 0.41593798995018005 0.35008300095796585 0.2368749976158142 0.24335502088069916
