1.0 0.16875000298023224 0.49792400002479553 0.04499998688697815 0.6038209795951843
7.0 0.0365619994699955 0.46386997401714325 0.07187499850988388 0.1636209785938263
9.0 0.37812501192092896 0.4360469877719879 0.2512500286102295 0.2475079894065857
2.0 0.3659380078315735 0.6931059956550598 0.22937500476837158 0.07225894927978516
3.0 0.9184380173683167 0.4896180033683777 0.03562498092651367 0.20515000820159912
5.0 0.630312979221344 0.6627910137176514 0.21187496185302734 0.06976699829101562
6.0 0.614687979221344 0.4352160170674324 0.2593749761581421 0.39534901082515717
4.0 0.8171870112419128 0.2753320038318634 0.17562496662139893 0.11378699541091919
0.0 0.36656299233436584 0.2612130120396614 0.2631250023841858 0.1004980057477951
8.0 0.8268749713897705 0.509551003575325 0.16499996185302734 0.27657803893089294
