1.0 0.20274800855641545 0.49697410232935 0.11733777985285923 0.5942359700662145
7.0 0.062214228448805 0.42749768740059135 0.12442845689761 0.18844680374715178
9.0 0.40498610646620375 0.5117525952402808 0.2826702652663903 0.29756057392897073
2.0 0.3510369473714196 0.7490941159541705 0.2261167231360455 0.12135937919754736
3.0 0.9160211726660679 0.7263355378064668 0.05411429816075464 0.2037982732491881
5.0 0.5993047995203498 0.7995014781557572 0.21359370360071772 0.12046519939546141
6.0 0.6201286965053475 0.5709194586039296 0.3060235343758433 0.45260618951266113
4.0 0.8565152446434972 0.4853886059455439 0.20127965188362984 0.1611860156540697
8.0 0.8105565837395048 0.7116850569333375 0.19687866181697422 0.3160929841073171
0.0 0.4156436506532599 0.33723200272538423 0.2699094144520045 0.16643251959905186
