1.0 0.10026500598850448 0.6156924928012872 0.08588509460503332 0.5265935284579623
7.0 0.021514826554518657 0.5459796076495959 0.043029653109037315 0.16177665857672624
9.0 0.35449339424420945 0.5149065706420596 0.2861057745552025 0.27651618431313124
0.0 0.3412766059285584 0.3479661111982215 0.2813955231679387 0.11126342133706929
4.0 0.8216662831834318 0.3318991184604758 0.20979094105240137 0.13976897189451748
5.0 0.621353149292154 0.7305960264324045 0.22589363704237486 0.08282356496772014
2.0 0.3428966913401432 0.7608600776006311 0.2380884180771971 0.07905850003490433
3.0 0.9517119045084234 0.5495795869157392 0.04902719955972845 0.22721751834216064
8.0 0.8378492002451321 0.5701696136842426 0.2042671478893211 0.3106231931647901
6.0 0.5983651599778386 0.499646331602226 0.30255710118998835 0.42971976807624246
