0.0 0.36125001311302185 0.3945179879665375 0.25 0.10963499546051025
1.0 0.17125000059604645 0.6112959831953049 0.03999999165534973 0.43853798508644104
2.0 0.35749998688697815 0.7761629819869995 0.20249998569488525 0.06063103675842285
3.0 0.8546879887580872 0.6112959980964661 0.02812504768371582 0.18936896324157715
4.0 0.7734379768371582 0.41818898916244507 0.1706249713897705 0.12209302186965942
5.0 0.5921870023012161 0.7558140158653259 0.18437501788139343 0.06146204471588135
6.0 0.5771869868040085 0.5539870262145996 0.22687497735023499 0.3538210391998291
7.0 0.054999999701976776 0.5739200115203857 0.07625000178813934 0.12292397022247314
8.0 0.7649999856948853 0.6125419586896896 0.16750001907348633 0.2516609728336334
9.0 0.375 0.5527410060167313 0.2162500023841858 0.22674402594566345
