0.0 0.357219579150197 0.37801043426390846 0.24114399878233825 0.12888588478138197
1.0 0.15911452317566357 0.586633380839033 0.07783140203082696 0.45302943887401254
2.0 0.385191252080087 0.7607609085069718 0.21493096460328648 0.09926920637127012
3.0 0.8596561975667878 0.5144034235049777 0.0638711038654276 0.19743549407263977
4.0 0.7566901011221235 0.336309118432762 0.1658087286605474 0.1264216142135905
5.0 0.6170494588343277 0.7029621938377486 0.20224650981580972 0.09433971209409597
6.0 0.5861873824140702 0.5062779334566141 0.2715929638268807 0.3825374300513437
7.0 0.059287840780798476 0.5954883441962975 0.10313580568209577 0.1452571461685611
8.0 0.7641357952857706 0.5347973403194246 0.16837376956881767 0.25282333571332294
9.0 0.37334358685266333 0.528213317707001 0.22958604608700245 0.2559006041815758
