0.0 0.4688521317971327 0.35090467209962195 0.2546719361820953 0.1754578137522445
1.0 0.2611113707466033 0.48376305813499265 0.14246424647582862 0.553302627514259
2.0 0.391496667561138 0.7284349985468141 0.2143329794201378 0.12124718098514642
3.0 0.9148318107486167 0.7482608493836189 0.06633628550309933 0.1980132712190218
4.0 0.8709930499007699 0.5195829645773716 0.17996042837513904 0.16188683413116234
5.0 0.625810952422438 0.7945243788933831 0.19797016779487941 0.12485477441166049
6.0 0.6503281163014683 0.582629874669949 0.2960384217903351 0.42781264232450067
7.0 0.13004035699333016 0.3895670525049084 0.11859159467406799 0.1618217788823162
8.0 0.8229175425502442 0.707785790902127 0.19201439941840293 0.3010434240691855
9.0 0.4455751630831525 0.5101222766099657 0.259889095600672 0.2844021167320627
