1.0 0.22837241217077092 0.5462479246699754 0.056890840325181685 0.5711054604089868
7.0 0.07683830920692601 0.49539425212872423 0.11091642281116566 0.16800933814376579
9.0 0.4191017635437638 0.5074319964216519 0.24434432071026324 0.22494951289789394
2.0 0.39727993959064123 0.7443605021055484 0.21592109116183372 0.056912508531410944
3.0 0.9436757334731146 0.5978467839799209 0.03613336249245713 0.20631490151778376
8.0 0.8409099501966049 0.6067374333531831 0.17338436678011926 0.27658117843460883
5.0 0.6463293991097415 0.740693363880768 0.20166079253706348 0.07753614443493084
6.0 0.6319949416382996 0.5211418731885518 0.249569993891807 0.3794729415408383
4.0 0.8378424969996332 0.3903994425983147 0.17869656730906713 0.1063804890479938
0.0 0.4132089686809045 0.34552393588013963 0.2424082408832995 0.10035670285782139
