0.0 0.38343700766563416 0.33513298630714417 0.24687498807907104 0.09385401010513306
1.0 0.2006250023841858 0.5390369892120361 0.050000011920928955 0.4418599605560303
2.0 0.38062500953674316 0.7134550213813782 0.2200000286102295 0.06312298774719238
3.0 0.8893749713897705 0.541113018989563 0.04499995708465576 0.20515000820159912
4.0 0.7918750047683716 0.3554820120334625 0.17750000953674316 0.11295700073242188
5.0 0.6137499809265137 0.700996994972229 0.19749999046325684 0.066444993019104
6.0 0.6046880036592484 0.4954319894313812 0.23187503218650818 0.3546510338783264
7.0 0.07874999567866325 0.5149499773979187 0.10999999195337296 0.11295700073242188
8.0 0.784375011920929 0.5560629963874817 0.1799999475479126 0.2632889747619629
9.0 0.39500001072883606 0.4904490113258362 0.22624999284744263 0.21677696704864502
