0.0 0.3865619897842407 0.33970099687576294 0.25687503814697266 0.11461800336837769
1.0 0.14375000074505806 0.5485879629850388 0.05125000327825546 0.6038209497928619
2.0 0.3671880066394806 0.7549830079078674 0.22562497854232788 0.06478404998779297
3.0 0.9309369921684265 0.5955150276422501 0.0393749475479126 0.20598003268241882
4.0 0.8346880078315735 0.3862130045890808 0.18312501907348633 0.12624597549438477
5.0 0.6328120231628418 0.7520760297775269 0.21437501907348633 0.07392001152038574
6.0 0.6153130084276199 0.5236709713935852 0.24687501788139343 0.381229043006897
7.0 0.05968699976801872 0.5066450387239456 0.10312499850988388 0.13122901320457458
8.0 0.8237500190734863 0.599668025970459 0.15875005722045898 0.26079702377319336
9.0 0.39250001311302185 0.5141199678182602 0.23624998331069946 0.2308969795703888
