9.0 0.41445299983024597 0.3727929890155792 0.25703102350234985 0.101764976978302
1.0 0.17656299471855164 0.5835930109024048 0.04531198740005493 0.5898230075836182
2.0 0.40781301259994507 0.7881619930267334 0.2250000238418579 0.05399799346923828
3.0 0.9394530057907104 0.6142259836196899 0.02890598773956299 0.20664596557617188
4.0 0.8484370112419128 0.40290799736976624 0.1781250238418579 0.1204569935798645
5.0 0.6550779938697815 0.7710279822349548 0.20390594005584717 0.07372796535491943
6.0 0.6527339816093445 0.5441330075263977 0.232030987739563 0.3821389675140381
7.0 0.07968700118362904 0.5669779777526855 0.11718800291419029 0.14122498035430908
8.0 0.840624988079071 0.6199380159378052 0.15937495231628418 0.26791298389434814
9.0 0.4207029938697815 0.5389410257339478 0.2445310354232788 0.23883700370788574
