1.0 0.1328119933605194 0.5880400091409683 0.04437500238418579 0.627907007932663
7.0 0.038437001407146454 0.558555006980896 0.07562500238418579 0.16196000576019287
0.0 0.375312015414238 0.3741689920425415 0.2706250250339508 0.10548198223114014
9.0 0.39250001311302185 0.5531560182571411 0.2587500214576721 0.24584698677062988
2.0 0.3725000023841858 0.8048170208930969 0.23124998807907104 0.06478404998779297
6.0 0.6175000071525574 0.5598009824752808 0.26374995708465576 0.41196000576019287
5.0 0.630312979221344 0.8044019937515259 0.21687495708465576 0.06893706321716309
8.0 0.8462499976158142 0.6619600057601929 0.19249999523162842 0.30896997451782227
3.0 0.9709380269050598 0.6540700197219849 0.030624985694885254 0.2317279577255249
4.0 0.8631250262260437 0.4057309925556183 0.2174999713897705 0.12873798608779907
