0.0 0.3968749940395355 0.37850499153137207 0.25468796491622925 0.11111098527908325
1.0 0.15078100189566612 0.5851510167121887 0.057812996208667755 0.5389410257339478
2.0 0.3878909945487976 0.7881619930267334 0.2242189645767212 0.08515095710754395
3.0 0.9445310235023499 0.6214950084686279 0.042188048362731934 0.23156797885894775
4.0 0.8269529938697815 0.401868999004364 0.18671905994415283 0.11838001012802124
5.0 0.6417970061302185 0.7731050252914429 0.21796905994415283 0.08411204814910889
6.0 0.6394529938697815 0.5529599636793137 0.24921905994415283 0.3748699724674225
8.0 0.8378909826278687 0.620975986123085 0.16328096389770508 0.28037402033805847
7.0 0.06054700165987015 0.5503630042076111 0.1132809966802597 0.16199398040771484
9.0 0.40429697930812836 0.5456910282373428 0.24921897053718567 0.24402901530265808
