1.0 0.18022681946740204 0.6100923917450776 0.06555449754403234 0.5966707004303369
7.0 0.04625921358013306 0.562907667683673 0.09251842716026612 0.1553364615960398
9.0 0.37965956119014904 0.5669243343375386 0.2508487689436739 0.25496028192938436
2.0 0.3423185503360513 0.8123807680096524 0.21715898373734677 0.07180257568248904
0.0 0.37282506427489653 0.3933093645762157 0.25898000810694677 0.11857888510233044
4.0 0.8279831070025381 0.44432459485667686 0.2006761143001633 0.1306906943400577
3.0 0.9292137148852333 0.6652902431876224 0.04380587305214256 0.21100001560442816
8.0 0.8267705790649991 0.6836263431216112 0.19079376953359717 0.2943427005572572
5.0 0.613111633030159 0.8241803377336858 0.21941763731884256 0.08600248498960716
6.0 0.6037853924116454 0.5814620581392678 0.27386591167468666 0.4127368611527037
