0.0 0.40187498927116394 0.32641199231147766 0.26249998807907104 0.1162790060043335
1.0 0.16875000298023224 0.5606309771537781 0.05375000834465027 0.5
2.0 0.40156199038028717 0.7711790204048157 0.2343749701976776 0.07558095455169678
3.0 0.9640629887580872 0.572673961520195 0.05937504768371582 0.20681098103523254
4.0 0.8568750023841858 0.3608799874782562 0.18250000476837158 0.12375402450561523
5.0 0.6643750071525574 0.7383720278739929 0.2200000286102295 0.06976699829101562
6.0 0.6493750214576721 0.5066450238227844 0.26499998569488525 0.39036500453948975
7.0 0.04874999821186066 0.5440199822187424 0.09624999761581421 0.12126198410987854
8.0 0.8503130078315735 0.5867940038442612 0.1643749475479126 0.27657797932624817
9.0 0.41187502443790436 0.5066450238227844 0.23625001311302185 0.2591359615325928
