1.0 0.19636926767090213 0.47836166019683 0.06420937973187996 0.5660516358659946
7.0 0.10657870078727799 0.43474063291048126 0.09868536879481205 0.15065350083083856
9.0 0.42751356031042037 0.45440193499916326 0.23803801425537408 0.23672902997869794
0.0 0.4263700676301113 0.2891610477903437 0.24831822927497726 0.11772302667758011
4.0 0.8562549043035104 0.3510290075395532 0.1981100906635337 0.1352843501701919
3.0 0.9501063079847721 0.5788400746928194 0.04095215017708398 0.20894022353211622
8.0 0.8386628752606056 0.5788707981344812 0.18368152886057276 0.2870164895849403
5.0 0.6394165118310693 0.6955937119018736 0.1955795210750374 0.07807407044111347
6.0 0.6343442567132831 0.4776306171261 0.25818236246314197 0.38289984484530787
2.0 0.39522390231260196 0.6889992339472375 0.20970969246102028 0.07422066610544353
