1.0 0.17585385225721198 0.5465113873723686 0.06686410871130732 0.5654427313827071
7.0 0.061516681278202666 0.515769807483301 0.0983894307431697 0.16043863162353472
9.0 0.388837687964932 0.47026278050771286 0.22624482040610805 0.24049779504841712
2.0 0.3814929443191536 0.7046045005295044 0.20435021520736152 0.08014573670853431
0.0 0.3712927320681785 0.31145900627812195 0.2470091837264948 0.11730298906102837
6.0 0.6007797808498314 0.4564909503870742 0.25449845184402237 0.3897690635293276
5.0 0.6243209242294852 0.6668309927263872 0.19631079842463073 0.08118130489934572
3.0 0.8983995899610682 0.4910511488494908 0.034495435086486115 0.1927236796273094
8.0 0.8060010235358408 0.5185263155473231 0.17751732667386588 0.2640297549725486
4.0 0.7955140824456159 0.2988643905702072 0.1770062473905124 0.12349968955840043
