0.0 0.3889921124785321 0.3148315547595186 0.2673756169607383 0.1275538900128219
1.0 0.20916908444947985 0.5475982825617702 0.0675903379853571 0.5927979033269306
2.0 0.4006933434080342 0.7360760708590726 0.2361525021749436 0.09001480019505448
3.0 0.9569138970614908 0.5135834646197039 0.06466967380759714 0.2267099933066835
5.0 0.6613999782473239 0.7036542063865746 0.221647199762936 0.08497467492799649
6.0 0.6424574925530632 0.47659247432532154 0.26170920584585033 0.39128286572337745
7.0 0.07670798380610849 0.5350467043332934 0.11924453847179706 0.1489748046361849
8.0 0.842761042484619 0.5323200372196447 0.17632018057690968 0.30153399323451624
4.0 0.8425918419537188 0.30533856318991975 0.19535273977091772 0.1520499043089447
9.0 0.40945577369251773 0.48733714542214074 0.24553545054086334 0.25037158403058923
