1.0 0.21360285938415785 0.5326504383496756 0.11231445275022392 0.6321327761693061
7.0 0.07254830094012164 0.4748475346510035 0.1333704930377033 0.18012791504177345
9.0 0.4338928885053549 0.5134539252494689 0.2800244799860328 0.29260998665813703
2.0 0.39878900908020015 0.770058889173319 0.2318280678099408 0.10205936915598302
0.0 0.4392543438363159 0.3298097064267287 0.27581390250972726 0.14822333311040597
4.0 0.9026607585893137 0.42728318081530764 0.19467848282137257 0.15593188263645363
3.0 0.9826445233546199 0.6601244047129058 0.03195403316715473 0.2130616796908289
8.0 0.8841620926734928 0.6661907271257019 0.20189344694174116 0.3131151005609677
5.0 0.6670764213610133 0.786748835143559 0.22166433401912555 0.10445517567946305
6.0 0.6724046930701222 0.5524698951140112 0.30135590624701303 0.4503510789766606
