9.0 0.41535996036265865 0.38029116217237136 0.27383731984181664 0.2818931724252826
0.0 0.3804126947670619 0.2172595100040866 0.26384949787156164 0.15881047296843473
1.0 0.2216731091824012 0.46893874378027356 0.11078212224426603 0.5781186195341037
2.0 0.41352588680648483 0.627288644352407 0.22351811915368947 0.10729863627552272
3.0 0.9526550248173382 0.34594635483730607 0.06798244442510148 0.22308679428381942
4.0 0.8329952181009328 0.1447283707876939 0.20634438350499618 0.1623169484086191
5.0 0.6728034691246909 0.5618194348340848 0.2279830601292555 0.11462249029417426
6.0 0.6337398990147683 0.34122760486866976 0.30367864053128074 0.4410894873911349
7.0 0.08354036293936498 0.4664320032445741 0.12640652698325078 0.1700673640214982
8.0 0.8423334105471445 0.37348227200617784 0.1928011553824095 0.3062541071086958
