0.0 0.40837673115380957 0.45371043529797805 0.26332217196520685 0.13039479975814627
1.0 0.2190371702874092 0.6674761466599373 0.08137687228633583 0.5284150203588717
2.0 0.3990518455329439 0.8656937759287776 0.2480830712691111 0.08817763061965644
3.0 0.9806910032070928 0.6516416212364089 0.038617993585814525 0.24482760805282944
4.0 0.876778609742354 0.45705819320273455 0.2155731884414801 0.15077733680776184
5.0 0.677233190231533 0.8469594678103205 0.21657876502190532 0.10420030118697121
6.0 0.6653866682275758 0.624136844468435 0.2705260512817155 0.4094887110031594
7.0 0.05808667052074962 0.6574246596621875 0.10423162315146703 0.1555121448529343
8.0 0.8753389273443866 0.6800338978969271 0.18576419038931746 0.3078047063672812
9.0 0.41189530618403325 0.6177221869732789 0.28501810820971335 0.26204876543848693
