1.0 0.16780983869125415 0.5086574204305272 0.10783847651454036 0.5658372401784647
0.0 0.4062909434984231 0.32783836025670976 0.25527856647965974 0.13813952100883037
4.0 0.835571213981969 0.41534207149199565 0.19254774084699022 0.14116992332805162
6.0 0.6220798883392205 0.5248507317766055 0.27216755696760353 0.3936279022308549
9.0 0.41031711273068683 0.4928489106835079 0.24311147247095327 0.24756783941516175
2.0 0.36992598311840547 0.7177153057364423 0.2096636592123765 0.09349366953867955
3.0 0.9109461732923874 0.6268314737831501 0.0610925883740322 0.18936000291944688
5.0 0.6179133538583191 0.735401360014328 0.2057651282820765 0.09775052679725604
7.0 0.0715130415414072 0.45611953374115344 0.12601389334488056 0.1631039794733376
8.0 0.8212654672087276 0.6301358044408362 0.1950199189024705 0.27731248496985234
