0.0 0.3909369856119156 0.32641199231147766 0.2656249701976776 0.1013290286064148
1.0 0.1471869945526123 0.5440200120210648 0.048124998807907104 0.5813950002193451
2.0 0.3868749886751175 0.7549830079078674 0.22999998927116394 0.07142901420593262
3.0 0.9618750214576721 0.5813949853181839 0.046249985694885254 0.22259101271629333
4.0 0.854062020778656 0.357558012008667 0.19437503814697266 0.12209302186965942
5.0 0.6496869921684265 0.7408639788627625 0.22062504291534424 0.07142901420593262
6.0 0.6393749713897705 0.5083060264587402 0.26499998569488525 0.39202702045440674
7.0 0.044686999171972275 0.48380398750305176 0.08812499791383743 0.15531599521636963
8.0 0.8500000238418579 0.5888699889183044 0.16875004768371582 0.28903698921203613
9.0 0.39625000953674316 0.5020760297775269 0.26125001907348633 0.23837196826934814
