0.0 0.3955299876603561 0.3190088931030329 0.262401332861591 0.12067896593964855
1.0 0.1760982682434266 0.523886087911273 0.07044060184716927 0.5766091796599038
2.0 0.357025733360504 0.737036853952554 0.2217330785540266 0.07687219323035033
3.0 0.9244252412454077 0.6215360378094474 0.04597126390187001 0.22103404154304152
4.0 0.837223194026812 0.397415240209448 0.18006256828083367 0.13243411466729826
5.0 0.6220680663174425 0.7529153492231626 0.21425654196886057 0.09468415151919418
6.0 0.6146457694066422 0.5185516468294151 0.27031629571966187 0.4159823672205877
7.0 0.05246502795743169 0.45822513771084494 0.09738734219019934 0.13679484625079824
8.0 0.8236430042985176 0.6041059863377329 0.16772060457438998 0.2861332062807799
9.0 0.3930840909204837 0.49506059244056 0.2513180587895582 0.24133059862775835
