0.0 0.41445301473140717 0.34475600719451904 0.2617190182209015 0.11215001344680786
1.0 0.17656299471855164 0.5680170059204102 0.04843801259994507 0.6022850275039673
2.0 0.40937501192092896 0.7699900269508362 0.2250000238418579 0.0758049488067627
3.0 0.9574220180511475 0.5893039703369141 0.03671896457672119 0.22118401527404785
4.0 0.8601559996604919 0.3790239989757538 0.1937500238418579 0.1204569935798645
5.0 0.6609370112419128 0.7471439838409424 0.2046869993209839 0.07165098190307617
6.0 0.6445310115814209 0.518172025680542 0.2531249523162842 0.3946000337600708
7.0 0.43007801473140717 0.518172025680542 0.24765601754188538 0.23676002025604248
8.0 0.080078000202775 0.5306329876184464 0.09921900555491447 0.1536860167980194
6.0 0.8496090173721313 0.5908619910478592 0.17265605926513672 0.28660401701927185
