0.0 0.37768724851138413 0.33785186823857694 0.2555488092384313 0.14272614717556825
1.0 0.21549611948528982 0.5641125285530615 0.09120643791125477 0.5669136874217341
2.0 0.39000537725762713 0.7372159848740828 0.21304929050795696 0.09722653280309301
3.0 0.9160047327895315 0.5139023296369761 0.049716682249796196 0.20219668968554338
4.0 0.8068202838722038 0.3175980539847507 0.18835986216340594 0.14565433442791303
5.0 0.6433818328566504 0.6953394478772266 0.20851453563238764 0.10876569945087755
6.0 0.6100230572403381 0.48094118491717575 0.26698367104137405 0.392121044068433
7.0 0.07712299422053237 0.5494036584292353 0.10205957878552663 0.14733683649922175
8.0 0.8133115642765374 0.5193199352247113 0.1731964979354601 0.2843198466480577
9.0 0.39522652911750145 0.4994617219799422 0.23328476986163577 0.24121716102526053
