1.0 0.21875 0.5789039582014084 0.05500000715255737 0.6279069483280182
7.0 0.0734380017966032 0.5444350242614746 0.11937499418854713 0.16196000576019287
9.0 0.43562498688697815 0.5240859836339951 0.2587500214576721 0.2524919807910919
2.0 0.424374982714653 0.7844679951667786 0.22749999165534973 0.06561505794525146
0.0 0.4240629971027374 0.3409470021724701 0.2681249976158142 0.10548198223114014
4.0 0.8974999785423279 0.3617109954357147 0.1937500238418579 0.12541502714157104
3.0 0.9937499761581421 0.5805649757385254 0.01250004768371582 0.21262502670288086
8.0 0.8965629935264587 0.6025750041007996 0.17687499523162842 0.2865450382232666
5.0 0.6921870112419128 0.7574750185012817 0.21687495708465576 0.06976699829101562
6.0 0.6759369969367981 0.5240860134363174 0.265625 0.41029903292655945
