0.0 0.39554111587143104 0.3098254965832316 0.2675215151601476 0.19075504344440422
1.0 0.12441905111701332 0.43480712697843155 0.14191181227065697 0.5771957102059543
2.0 0.2994356388679139 0.7087640330347795 0.22985257865070174 0.13054839355329084
3.0 0.8761707082662606 0.7335079874747528 0.07629066635599557 0.22435266155839928
4.0 0.8184651745518114 0.490304109950512 0.20205886959848984 0.17658814376957382
5.0 0.556520805219699 0.7792510097323474 0.21257050523601473 0.143398492717155
6.0 0.5821394911538584 0.5590163658476308 0.3092856131546212 0.44682690968002625
7.0 0.05622922608736744 0.3710893146563578 0.11245845217473488 0.15874592219803885
8.0 0.7739362743729252 0.6899075717035417 0.20819811895136153 0.3130886715697375
9.0 0.36475830050963837 0.47682784277313384 0.2624411550064143 0.2956314523709693
