0.0 0.33625001460313797 0.42524901032447815 0.27250002324581146 0.09800702333450317
1.0 0.08937499672174454 0.6549000144004822 0.051249995827674866 0.5141199827194214
2.0 0.328125 0.8600500226020813 0.23250001668930054 0.06229197978973389
3.0 0.9215620160102844 0.6777409911155701 0.03437495231628418 0.21096301078796387
4.0 0.8121870160102844 0.45307299494743347 0.1956249475479126 0.11544901132583618
5.0 0.5918750017881393 0.8313949704170227 0.21124997735023499 0.05980098247528076
6.0 0.5787500143051147 0.6034049987792969 0.26374995708465576 0.39119601249694824
7.0 0.02062499988824129 0.5913619995117188 0.03999999724328518 0.14285695552825928
8.0 0.8050000071525574 0.6735879778862 0.18250000476837158 0.29235899448394775
9.0 0.3318749964237213 0.6004980206489563 0.26499998569488525 0.24584698677062988
