0.0 0.46109346203261076 0.2495417755062545 0.2676584324779595 0.20079557255786226
1.0 0.21354554928863778 0.38974586174292525 0.15850587922744067 0.5708770854712726
2.0 0.3712587750657901 0.6454246918523575 0.2189166996984599 0.12771413390641118
3.0 0.9004220848261151 0.6515668935838903 0.0789563821390552 0.21234441240205137
4.0 0.8619921327020372 0.42659979841401297 0.1937101318536606 0.18857882924973296
5.0 0.6134666750369773 0.7063965428272853 0.2030171871149461 0.13566529557947238
7.0 0.10219424919750164 0.31543244630757233 0.1469723882603805 0.18581682196002777
6.0 0.6467744127502477 0.4960513873535796 0.28787444183724886 0.4324092892431618
8.0 0.8066418459678015 0.6258531006537681 0.19650085819194707 0.3115762762911541
9.0 0.4316298104991054 0.415722959682434 0.2677536425574596 0.2929108175370858
