0.0 0.40781301259994507 0.35514000058174133 0.24531197547912598 0.1204569935798645
1.0 0.16953100264072418 0.5488060265779495 0.04531198740005493 0.5264800488948822
2.0 0.38867199420928955 0.7341639995574951 0.2226560115814209 0.09345793724060059
3.0 0.9265620112419128 0.5768430233001709 0.026561975479125977 0.22118401527404785
4.0 0.8207030296325684 0.3914850056171417 0.1835939884185791 0.11630302667617798
5.0 0.6332030296325684 0.7279340028762817 0.21171903610229492 0.08099699020385742
6.0 0.6328120231628418 0.5202490091323853 0.24687504768371582 0.37383198738098145
7.0 0.07343800365924835 0.5 0.1265619993209839 0.17964696884155273
8.0 0.8390629887580872 0.5924199819564819 0.1734369993209839 0.2710280418395996
9.0 0.41093797981739044 0.4994810074567795 0.2359369695186615 0.22014501690864563
