0.0 0.41218699514865875 0.25664499402046204 0.2556249797344208 0.1179400086402893
1.0 0.23906298726797104 0.4613790065050125 0.04812498390674591 0.5573090016841888
2.0 0.40031298995018005 0.6690199971199036 0.21562498807907104 0.06395304203033447
3.0 0.9259369969367981 0.5074750036001205 0.0393749475479126 0.20265796780586243
4.0 0.840624988079071 0.2919440045952797 0.17875003814697266 0.12209300696849823
5.0 0.6503120064735413 0.6507480144500732 0.21312499046325684 0.07558095455169678
6.0 0.6412500143051147 0.4360469728708267 0.24125003814697266 0.3803989589214325
7.0 0.08749999850988388 0.4327240139245987 0.11249999701976776 0.1528240144252777
8.0 0.8321869969367981 0.511213019490242 0.16187500953674316 0.2699340283870697
9.0 0.42343801259994507 0.4256640076637268 0.24437499046325684 0.23837196826934814
