0.0 0.3658222426437972 0.3139952794115862 0.265479691541585 0.1716357841871456
1.0 0.21059349020545431 0.5694183557416113 0.12064987993561871 0.5880362815575043
2.0 0.4054581695553574 0.7266772161311321 0.2367515069370531 0.11506995785115526
3.0 0.947624318213057 0.41874692706954186 0.08915071424322096 0.23561464153099004
4.0 0.8128859365059298 0.23581564143923717 0.2079744071760422 0.17149524412185338
5.0 0.6683563684399738 0.6581387079707852 0.22762379007152667 0.12337142148241054
6.0 0.6264997123655915 0.43293768601712307 0.30641602446262456 0.4426119788970434
7.0 0.07747851692649625 0.5667897624960847 0.12098307620417728 0.1607749631643529
8.0 0.8428249700907401 0.4620000715271636 0.1998555688030581 0.3153060197002459
9.0 0.39650697003308377 0.4810546926825553 0.2618363703052144 0.2846166409428064
