1.0 0.1582428752637684 0.5841191283154439 0.0639383017031733 0.6023231510333311
7.0 0.05532212063440036 0.5521781134595027 0.10952396862003728 0.16421812834229904
9.0 0.4010622166206731 0.5135006688041635 0.24666858139528042 0.2538909449530703
2.0 0.39022228942797277 0.7594509710602295 0.21704148489951985 0.0838187269506202
0.0 0.38241429237977015 0.3406925690818486 0.26068018262990844 0.12702864033875083
4.0 0.8222414595466451 0.3392562408490395 0.18297145030285966 0.1264544165793065
3.0 0.9297597328173692 0.5380810967003237 0.035020817539861526 0.20602491605062517
8.0 0.8315695624579331 0.5677462620262637 0.171819869106821 0.2882369148654271
5.0 0.6504990624073645 0.7277630201506248 0.2095940067350407 0.08403594436383965
6.0 0.6227101394939939 0.49953340926687606 0.2701053731848766 0.41106860324247335
