0.0 0.3881727636345463 0.15099181963031563 0.2375240454694202 0.12284703818013652
1.0 0.2247496030932159 0.36546395503108015 0.06685730317905395 0.5125405847522783
2.0 0.40365763370067986 0.5287649325214714 0.20006716756667003 0.07928942381293269
3.0 0.9145875504009342 0.31345578821359743 0.04564424230195474 0.20525695035003916
4.0 0.8010842165641985 0.129354710112313 0.18987652884028172 0.14037892625845044
5.0 0.6353615205416108 0.49547283886296045 0.1944529708522923 0.07882551875821725
6.0 0.613462372434918 0.28840775571489075 0.24350725420098163 0.3702424471228167
7.0 0.0865912577529316 0.32362144406427 0.11279419298873275 0.15300204061714184
8.0 0.8107422830509359 0.3357670720043788 0.17729103614553077 0.2698096382963633
9.0 0.40581716690934 0.30057197203160524 0.24322578384716315 0.2447046881618085
