0.0 0.4040620028972626 0.37292400002479553 0.24312502145767212 0.09302300214767456
1.0 0.22218799591064453 0.5797340124845505 0.04437500238418579 0.5581399500370026
2.0 0.39500001072883606 0.7686880230903625 0.2149999737739563 0.06561505794525146
3.0 0.9146869778633118 0.6200169920921326 0.031875014305114746 0.19352197647094727
4.0 0.8278120160102844 0.41569799184799194 0.17562496662139893 0.10880398750305176
5.0 0.6381250023841858 0.7591360211372375 0.20000004768371582 0.066444993019104
6.0 0.6225000023841858 0.5452659726142883 0.23500001430511475 0.35963499546051025
7.0 0.09218800440430641 0.5382059961557388 0.09187500923871994 0.13122901320457458
8.0 0.8193749785423279 0.6117110252380371 0.1549999713897705 0.2533220052719116
9.0 0.40437498688697815 0.5352990031242371 0.21750003099441528 0.21677696704864502
