0.0 0.39995621519650837 0.37522226565158434 0.24773438346524296 0.14547090497418141
1.0 0.19197654964513933 0.5314762288322091 0.11423611701502917 0.5611810396600387
2.0 0.33733780179028494 0.7557032727277084 0.21458006778941113 0.10208700225463618
3.0 0.8792977677250842 0.7206874247547415 0.05952553446302633 0.20340156280419452
4.0 0.8088301181783223 0.49864069574448155 0.18504620953698514 0.14998290081742766
5.0 0.5780840860531857 0.801798159973107 0.20821493649486578 0.11727207890586921
6.0 0.5950250480292608 0.5856756698932937 0.2806468154560729 0.405377909719585
7.0 0.07092824184076538 0.4507308235083662 0.1104733672158828 0.1549148106851298
8.0 0.7804509206310717 0.6931434737358335 0.1897318988983906 0.2994226785675641
9.0 0.38571192141738087 0.5321097762861007 0.23893995289640357 0.25132653275025335
