0.0 0.385146185421739 0.43357707156561287 0.2582623136607781 0.13778905441612427
1.0 0.18048855074716863 0.6717781123512595 0.06805085359024174 0.5869670544262451
2.0 0.3995613618235371 0.8427910197338015 0.24831449630571223 0.08228879362119323
3.0 0.9624506376298996 0.6230277855559105 0.041637663891181176 0.22936907431816678
4.0 0.8464007287404071 0.4157919415707104 0.21119676455669878 0.14798641848210842
5.0 0.6565262983036168 0.8021867000900054 0.22625588273753783 0.09524523986433153
6.0 0.6382902934112517 0.5856029518510162 0.2743042016049324 0.3891798444795374
7.0 0.06667616410503599 0.6520752536100255 0.11954926313466534 0.13235619060446102
8.0 0.8561362037020137 0.635041955122215 0.18951863508615696 0.2902494606331499
9.0 0.3950549481958906 0.5971843256089402 0.2715423588942894 0.2586762249592801
