0.0 0.4365571096145511 0.23330284615065228 0.2943103837069192 0.22915516911829015
1.0 0.19147324099203336 0.3952365834925213 0.15303918977672254 0.6175940935440877
2.0 0.34690141346324765 0.6782223453759577 0.2467854156567862 0.15817169753751703
3.0 0.9552790383284616 0.6839649879736415 0.0781079860232512 0.22902727121120248
4.0 0.8956401820046471 0.42000738378420976 0.20871963599070564 0.18743891225003856
5.0 0.6189524179952925 0.7493369215483409 0.22994738545177384 0.1412145320277074
6.0 0.6513392856374545 0.5109263881166505 0.3438643981068682 0.49007638390645164
7.0 0.07633572508313047 0.3107916521890981 0.13482049278490266 0.19602127282365137
8.0 0.8521763479011724 0.6532390695415543 0.2232271854884017 0.3478225100995605
9.0 0.40797845309945624 0.41602670724080604 0.28617007231678343 0.3267089549273959
