0.0 0.4115619957447052 0.33886998891830444 0.2681249976158142 0.1162790060043335
1.0 0.2224999964237213 0.5697669982910156 0.03999999165534973 0.599668025970459
2.0 0.4112499952316284 0.7686880230903625 0.22874999046325684 0.07890403270721436
3.0 0.9649999737739563 0.5768270045518875 0.04999995231628418 0.22674402594566345
4.0 0.8634369969367981 0.3538210093975067 0.18937504291534424 0.11960101127624512
5.0 0.6759369969367981 0.7458469867706299 0.22437500953674316 0.07807302474975586
6.0 0.6634380221366882 0.5124580413103104 0.2606250047683716 0.3853820264339447
7.0 0.08718799985945225 0.5361300110816956 0.11437500640749931 0.13039898872375488
8.0 0.8643749952316284 0.5826410055160522 0.15999996662139893 0.2715950012207031
9.0 0.42531201243400574 0.5095509886741638 0.24062496423721313 0.24003303050994873
