0.0 0.3684369847178459 0.4177739918231964 0.2593749910593033 0.09136199951171875
1.0 0.19562500715255737 0.634967029094696 0.05625000596046448 0.5705980062484741
2.0 0.37593701481819153 0.8264120221138 0.21937501430511475 0.06478404998779297
3.0 0.9393749833106995 0.6432719826698303 0.0387500524520874 0.21013295650482178
4.0 0.8265619874000549 0.4318940043449402 0.18187499046325684 0.11129599809646606
5.0 0.621874988079071 0.8023260235786438 0.20624995231628418 0.05980098247528076
6.0 0.609375 0.5888699889183044 0.2537499666213989 0.3704320192337036
7.0 0.039687998592853546 0.5926079750061035 0.078125 0.14534902572631836
8.0 0.8268749713897705 0.6436880230903625 0.17250001430511475 0.27574801445007324
9.0 0.3746879994869232 0.5880399942398071 0.24687498807907104 0.2358800172805786
