0.0 0.40039101243019104 0.36708199977874756 0.27578097581863403 0.11318802833557129
1.0 0.2070309966802597 0.6038420349359512 0.046875 0.6407060325145721
7.0 0.05312500149011612 0.5597090125083923 0.078125 0.15161001682281494
9.0 0.4164060056209564 0.546209990978241 0.25937503576278687 0.240913987159729
6.0 0.6499999761581421 0.5591899752616882 0.2531249523162842 0.40394604206085205
4.0 0.8753910064697266 0.41069599986076355 0.189844012260437 0.12980300188064575
2.0 0.39218802750110626 0.8120459914207458 0.23125001788139343 0.06022799015045166
5.0 0.6609370112419128 0.79646897315979 0.21406197547912598 0.07061302661895752
3.0 0.9628909826278687 0.6329180002212524 0.0429689884185791 0.21080005168914795
8.0 0.8605470061302185 0.6417449712753296 0.1773439645767212 0.29075801372528076
