0.0 0.38001627103163127 0.36639963724880736 0.2397446894253878 0.1696414872690707
1.0 0.25855046080278066 0.6062909574477124 0.13897672930360344 0.5208848309947851
2.0 0.44508283719795805 0.7236430697765037 0.20276708623110168 0.11870698481548203
3.0 0.9019471595600891 0.4196130623052998 0.07656542968675595 0.19746294310082102
4.0 0.7805575355937512 0.2603400935080422 0.1875709224873494 0.16012907498374854
5.0 0.6663370187712678 0.6430986428372276 0.1964649577339047 0.1270821681375912
6.0 0.6130170558895145 0.45205383520047093 0.2870809777819239 0.4120119840508379
7.0 0.12859636030981622 0.6132783224827079 0.10573218052248266 0.140508218047119
8.0 0.8087917102747426 0.4517885146493612 0.182001046777451 0.2807456842983609
9.0 0.41275122814960125 0.514299350574259 0.2382723575268838 0.2645962839648889
