0.0 0.43437498807907104 0.35981300473213196 0.2562500238418579 0.14018696546554565
1.0 0.2472659945487976 0.5649009793996811 0.04921901226043701 0.5628249943256378
2.0 0.40546900033950806 0.7757009863853455 0.22968697547912598 0.0872269868850708
3.0 0.9601560235023499 0.6214950084686279 0.029687047004699707 0.22118401527404785
7.0 0.11484399810433388 0.5223259925842285 0.10781299322843552 0.14953303337097168
9.0 0.4375 0.5301139950752258 0.234375 0.2294909954071045
5.0 0.6656249761581421 0.7632399797439575 0.20781302452087402 0.08930397033691406
6.0 0.6597660183906555 0.5425750017166138 0.2445310354232788 0.399791955947876
8.0 0.8628910183906555 0.6272069960832596 0.1757810115814209 0.28660401701927185
4.0 0.8742190003395081 0.40342700481414795 0.1796879768371582 0.1277260184288025
