1.0 0.0949999988079071 0.5768270045518875 0.05750000476837158 0.5224250257015228
7.0 0.019061999395489693 0.49958501756191254 0.03687499836087227 0.15863803029060364
9.0 0.3540630042552948 0.5008310079574585 0.2731249928474426 0.2508310079574585
0.0 0.3499999865889549 0.3330560028553009 0.2774999886751175 0.08471798896789551
4.0 0.8299999833106995 0.36337199807167053 0.20375001430511475 0.12043201923370361
5.0 0.6084370017051697 0.7416939735412598 0.22312498092651367 0.06146204471588135
2.0 0.32906200736761093 0.7450169920921326 0.2356249839067459 0.056478023529052734
3.0 0.947812020778656 0.5930230021476746 0.036875009536743164 0.22425198554992676
8.0 0.8331249952316284 0.6025749891996384 0.1887500286102295 0.2931889593601227
6.0 0.5981249809265137 0.5091360211372375 0.28125 0.40365397930145264
