0.0 0.4216214155694155 0.28816492741303956 0.25911841174974615 0.1512811651432729
1.0 0.21237600688291042 0.5145573361509337 0.06103992178524062 0.5791369656623405
2.0 0.41942108820196305 0.7032810694894123 0.22572102944762407 0.10768754508671641
3.0 0.9662634427187391 0.5429994055649665 0.04058329551527551 0.2343847468472886
4.0 0.8655363090562519 0.3193451889276023 0.2091178081718208 0.12975199451378883
5.0 0.6617272638477334 0.690074944751671 0.23243191079925796 0.12054620345709899
6.0 0.6497485270746304 0.4634283165791685 0.2653709552548874 0.4164807397971626
7.0 0.10599131411815822 0.464668263521547 0.12747140113652697 0.16072922911258053
9.0 0.41830353161803235 0.45761717771523686 0.2572184232132632 0.24962191922697807
8.0 0.8634229979132858 0.5373661339797058 0.1955171263045139 0.3141962074529834
