0.0 0.41537501142698285 0.32896044130139696 0.26338243478639106 0.16566994116633146
1.0 0.16329592303029322 0.4765995381599759 0.11494883777972834 0.5590965408015303
2.0 0.3537849538458406 0.7192109653146621 0.21509043239800782 0.10942368675039371
3.0 0.9102788129905527 0.7005238625637833 0.06270596798773886 0.21481269867901898
4.0 0.8383760158245557 0.4739403062616683 0.1968648818421651 0.15986410407633628
7.0 0.06937927305081497 0.4215753347186907 0.11081320806909126 0.16642051330247748
5.0 0.5945984572465332 0.7724795210347245 0.20652146725050285 0.11983987999674817
6.0 0.6164574375324325 0.5531134872721816 0.2937110502944339 0.4312777737822311
8.0 0.8077288224397177 0.6813624114522161 0.21697824547736444 0.3293074700463664
9.0 0.39733565045342245 0.4905329245435661 0.25944285989199933 0.2787029075890175
