0.0 0.3824606840460215 0.41439488878648967 0.2737538776465771 0.19546388453514973
1.0 0.20083478950309597 0.7019759304343605 0.1536317593528083 0.596048139131279
2.0 0.45804968285029485 0.8088659267516088 0.22539514338400057 0.13193019533005357
3.0 0.9623967521970609 0.4575022196878655 0.07520649560587811 0.22840311234604338
4.0 0.8317720034626622 0.28291108410479815 0.2093760459459728 0.18738980518289372
5.0 0.698720030143053 0.7207213286717482 0.2190325864843743 0.13912230363914102
6.0 0.6482356687232247 0.5090800564745379 0.3071572073585439 0.4648983294110695
7.0 0.09497534184033354 0.6993809125182217 0.12939060107503525 0.18614156784712477
8.0 0.8655463029232469 0.5040536730651531 0.2307534842248452 0.3298129011447122
9.0 0.4247561753811453 0.5736132305026903 0.2703513659045916 0.30122377449316023
