1.0 0.18718799948692322 0.4983390122652054 0.07312500476837158 0.5980070531368256
9.0 0.4000000059604645 0.4534880071878433 0.24250000715255737 0.24086400866508484
2.0 0.3881250023841858 0.6993359923362732 0.22374999523162842 0.06312298774719238
0.0 0.38187502324581146 0.27740898728370667 0.27125003933906555 0.11295700073242188
7.0 0.044686999171972275 0.47508299350738525 0.08812499791383743 0.15448498725891113
6.0 0.6253129988908768 0.45348799228668213 0.25312504172325134 0.39202702045440674
5.0 0.6399999856948853 0.6818940043449402 0.20375001430511475 0.06810605525970459
4.0 0.8709380030632019 0.2973419949412346 0.21187496185302734 0.12624599039554596
3.0 0.9506250023841858 0.5170270204544067 0.027500033378601074 0.21179401874542236
8.0 0.8415619730949402 0.5382059812545776 0.1793750524520874 0.2807309627532959
