1.0 0.26731988174839333 0.4443972569673979 0.11516677820607393 0.5367904320365372
6.0 0.6611737108335476 0.5025020846008397 0.2949262588627768 0.421837008331133
7.0 0.1457984265372579 0.37434103959432175 0.12266921326830403 0.16224384518397533
2.0 0.4033540203643996 0.6695701743218079 0.20698423001152166 0.10664055904775516
3.0 0.9383509533387375 0.6488358554406963 0.05230334291655092 0.1993060896693909
5.0 0.6408892980923173 0.7196167748816626 0.20458604157184102 0.11473767448864858
8.0 0.8501111799813132 0.6314257546585209 0.19877746502320015 0.30290485494260333
4.0 0.8817770193142079 0.42062799815500995 0.18130491174312735 0.15795712935930006
0.0 0.4671784001560559 0.28575652026816045 0.24529589955165199 0.1551454003192928
9.0 0.4542550563622734 0.4428601352501202 0.25242301693129165 0.2806992399896494
