1.0 0.17250032395082662 0.45389990124259255 0.13307782816450264 0.579514370277105
0.0 0.43595703140825 0.3144323679218546 0.27343446562406093 0.17703083017940952
2.0 0.35589010678196437 0.7099721217882138 0.2181287887417345 0.11246933275667703
3.0 0.9178425051822103 0.7191946696831548 0.06267857309787195 0.20071134919951716
4.0 0.8736810940402931 0.48364994189560234 0.20782475826607127 0.171524139933653
5.0 0.6087235852452966 0.7811062718542292 0.21280258291810816 0.12644977760605236
6.0 0.6296909877179245 0.5539121445098603 0.3067763305814366 0.44532647629037964
8.0 0.8189917181136699 0.6999698386414002 0.20598671184300665 0.31202515741626957
9.0 0.41797702776886236 0.4834431230231268 0.26819255175150114 0.28556806075566954
7.0 0.07240386458502189 0.3829310895514205 0.11012991761027327 0.17315370795416468
