0.0 0.3830819505414136 0.36148862127509795 0.2557808294091821 0.13570072726746935
1.0 0.18776530803078917 0.600445159568432 0.09299360666017314 0.5642374704898463
2.0 0.41225940851067344 0.7530298131566806 0.2187105981244421 0.09933518147419207
3.0 0.8979023025217342 0.5149891769374809 0.05141176253631485 0.2015931661392742
4.0 0.7937035932096581 0.32612049507574076 0.18229372275035305 0.13190700127516597
5.0 0.6426479946149097 0.6985572550703886 0.19804106324762916 0.09981171671120026
6.0 0.6079998585821023 0.49264269618477874 0.2565958131597166 0.38684827750819667
7.0 0.08525764011951571 0.5737700230537162 0.1085092704277937 0.13130145458972375
8.0 0.8017710094169559 0.5244843406539081 0.17716064820529864 0.2662393903147211
9.0 0.40677583105003956 0.5198806329238341 0.24043942983177896 0.25288429966630277
