1.0 0.17153368014867043 0.585312433758175 0.06650948689078315 0.5742311416480614
7.0 0.06802527933960377 0.5464513693248695 0.11324708438148984 0.15819402729660914
0.0 0.3976499950996985 0.38631032057056014 0.25234660124758845 0.1259143793126284
6.0 0.6188006892120653 0.5694393622399794 0.26109543244321803 0.395478293948241
4.0 0.8303682721945478 0.4319355962697126 0.190083398789212 0.13325817165113985
3.0 0.9245241276601388 0.6585094841604027 0.04855112912109372 0.21312262501442614
8.0 0.8226008753590893 0.6664252238449918 0.19119828015104745 0.2825724124121134
5.0 0.6203072893396828 0.7885633876881555 0.20890183800742135 0.09050994270287371
2.0 0.3692081445618058 0.7916314251142085 0.2207473420468833 0.09162214201387531
9.0 0.4062526387479912 0.5544781933095162 0.24416740623371352 0.2520984433457486
