0.0 0.41187499463558197 0.35714301466941833 0.23249998688697815 0.09302300214767456
1.0 0.19718700647354126 0.5406979918479919 0.04437500238418579 0.5531560182571411
2.0 0.39625000953674316 0.7396180033683777 0.20749998092651367 0.055647969245910645
3.0 0.9303119778633118 0.6042360067367554 0.03437495231628418 0.20348799228668213
4.0 0.8306249976158142 0.3837209939956665 0.1812499761581421 0.10963499546051025
5.0 0.6381250023841858 0.7437710165977478 0.20000004768371582 0.06893694400787354
6.0 0.6256250143051147 0.5261629819869995 0.24250006675720215 0.3563120365142822
7.0 0.08843799494206905 0.5037380009889603 0.10437499359250069 0.13206002116203308
8.0 0.8284379839897156 0.5892860293388367 0.15312504768371582 0.27491700649261475
9.0 0.4099999964237213 0.516195997595787 0.21125000715255737 0.21013298630714417
