0.0 0.4196870028972626 0.3139530122280121 0.24312502145767212 0.11129599809646606
1.0 0.24375000596046448 0.5315610319375992 0.03624999523162842 0.5647840201854706
2.0 0.41468700766563416 0.715116024017334 0.21687501668930054 0.06810605525970459
3.0 0.9384379982948303 0.5494189858436584 0.049375057220458984 0.20847201347351074
4.0 0.84375 0.3442690074443817 0.17499995231628418 0.12043201923370361
5.0 0.6603119969367981 0.6960129737854004 0.20687496662139893 0.07807302474975586
6.0 0.6524999737739563 0.482558012008667 0.23874998092651367 0.367110013961792
7.0 0.11812499910593033 0.4937710016965866 0.09875001013278961 0.13039901852607727
8.0 0.8378120064735413 0.5460960268974304 0.14312493801116943 0.25830602645874023
9.0 0.43156298995018005 0.4763290137052536 0.2306249737739563 0.22508302330970764
