1.0 0.2586820405999143 0.6220700397851713 0.13507424644593632 0.5314736553357544
0.0 0.421765138938058 0.3705246407651898 0.26025953707031535 0.18125899015909885
7.0 0.15823717290615216 0.6260279466291307 0.1216686877735408 0.1590832117503177
2.0 0.4824113553654068 0.7524979028432908 0.21009122565293487 0.11003578178524165
3.0 0.9434972802575021 0.45650563531249166 0.07993486902995584 0.21747810460660172
4.0 0.8223258719850892 0.277079269806996 0.1804828007482433 0.16307381019299186
6.0 0.6685136743682135 0.4676928361525297 0.2738028522584257 0.4185080761049559
5.0 0.7134606448642803 0.6679050643991592 0.20434255975697035 0.1225646841233119
9.0 0.46073723280155665 0.5291255824167648 0.24343276285591853 0.28381217034509487
8.0 0.8606516688380694 0.4756707427896446 0.20718565475251072 0.30851028343685066
