1.0 0.195805735009075 0.4207967534953673 0.05802245814952642 0.5929780148611946
0.0 0.433494743070599 0.22386796791496288 0.2529601961428484 0.1175429338508672
2.0 0.4140924472459678 0.6404494899043748 0.22016459308643566 0.07474775781515675
3.0 0.9578568215851156 0.5066348543954282 0.03773589609540662 0.20113475309753293
6.0 0.6534919758877898 0.41577720348278147 0.2604993622253051 0.3902162221360561
5.0 0.6588192352611144 0.6398675256399059 0.20281764661097457 0.07685967140196959
7.0 0.10036846700450028 0.3726290948719648 0.11163915443495731 0.1648715681848416
9.0 0.43499897844205315 0.39363489043283073 0.24172176265733963 0.2441584405314386
4.0 0.8681308171590366 0.2962665047359894 0.17739599307793674 0.1272207938855142
8.0 0.8539747408959111 0.5144386388108322 0.1685399421924586 0.2829523083858434
