1.0 0.25889015653205494 0.6227941411867318 0.13592557421914966 0.5314089472727364
0.0 0.42154525040859075 0.3707598244880381 0.2603466270552125 0.18193405510836974
7.0 0.15845227294322053 0.6270535635753767 0.12184642184233617 0.15932824762465914
2.0 0.48284060772372 0.7525500580094713 0.2100946579975328 0.11061514996341926
3.0 0.9434222150134632 0.45517441093906386 0.08025982751990346 0.21753189608559392
4.0 0.8219461187545 0.2761122479050505 0.1806120785895109 0.16350648189719802
6.0 0.6684583272297615 0.46718705705523644 0.2743143400124337 0.4190020861161719
5.0 0.7137455129506185 0.6672638480849458 0.20437453796202465 0.12311345294338272
9.0 0.4607868419731286 0.5292433710829788 0.2437248256669639 0.2843351525753573
8.0 0.8606093926915348 0.4745881639199364 0.20755763235361857 0.3088918550258099
