0.0 0.40667645839020194 0.3275861206609976 0.26898038906963984 0.11338769813139948
7.0 0.06424099496839755 0.5138259441600469 0.10498374873394425 0.15759178633796117
1.0 0.21112970533149614 0.5524313275710633 0.046646180792186576 0.6018826372221457
2.0 0.3885707029737916 0.7580032348248322 0.21924550368276868 0.06701610611666664
5.0 0.6592465668522656 0.7534925340729256 0.21806147907665363 0.07530402723143692
6.0 0.6483110403287831 0.5170300747501431 0.2588150955401044 0.4072150861144129
2.0 0.9714288561597918 0.5988073943558891 0.04604715270184867 0.21157335744345895
4.0 0.8795104044707434 0.3674389146781064 0.20028699224705315 0.1190675437703359
8.0 0.8679415693526082 0.6044159121160796 0.17850165657766637 0.28733894530150983
9.0 0.4155769510133009 0.5054618139651317 0.24568806967812928 0.2492504011865636
