0.0 0.349275247681218 0.3433755917204325 0.27788130450827586 0.15608467081488314
4.0 0.8087835915529544 0.27087888863800214 0.19531285451714153 0.15193382276064424
3.0 0.9498460650590859 0.46630290432951926 0.06940418943370585 0.2216456022104945
6.0 0.8476007422369429 0.4997092368921894 0.2109487197812041 0.3273285350320306
5.0 0.6595102918689111 0.6984555425144781 0.22463824942449206 0.11870509671735896
6.0 0.6167321197263587 0.46587922213317584 0.31842588308427333 0.45244615778726704
9.0 0.3818515878730756 0.5104335245112291 0.2891648805005811 0.3018555423367916
2.0 0.3937797816069242 0.7646533333051371 0.2404487321770743 0.11587586823811791
7.0 0.05000150840013507 0.5948056764416436 0.10000301680027014 0.1863820922576923
1.0 0.14335080214539866 0.61896773028296 0.13281348331721293 0.6464751028399556
