1.0 0.20697696996908832 0.5681065761273456 0.05648645324281262 0.5581335234920466
7.0 0.08454141594474329 0.5218878701534333 0.103555149105234 0.15020317174212383
9.0 0.40846393380711576 0.536567361740067 0.23072237504502358 0.23501321242406148
2.0 0.3775485566420994 0.7610807584582324 0.2085939210177789 0.06556348804699086
0.0 0.4075534316738899 0.3743304593132199 0.24144165009667423 0.11000194921825945
4.0 0.8190776233661732 0.43783468950264515 0.17513714030089178 0.11787357620240307
3.0 0.9054377154644306 0.6479179804104636 0.04257048543546771 0.19897526226120144
8.0 0.8154184229104064 0.6534018627051594 0.176842128070949 0.27434393805428625
5.0 0.6227931481959657 0.7712078069032293 0.19475212541154618 0.07785269350485402
6.0 0.6163198742937639 0.558690303655516 0.2481415670765844 0.37932159751080696
