0.0 0.41992197930812836 0.40031200647354126 0.26484397053718567 0.11318802833557129
1.0 0.1992190033197403 0.6349949836730957 0.04531198740005493 0.5991690158843994
2.0 0.41992199420928955 0.8276219964027405 0.2242189645767212 0.06022799015045166
3.0 0.9691410064697266 0.6433020234107971 0.03203105926513672 0.21703004837036133
4.0 0.8816409707069397 0.42575299739837646 0.19453096389770508 0.12668699026107788
5.0 0.6738280057907104 0.8104879856109619 0.216405987739563 0.07165098190307617
7.0 0.08632799610495567 0.5986499786376953 0.10703099519014359 0.1318800449371338
8.0 0.8703129887580872 0.6557629704475403 0.16718697547912598 0.2772589921951294
9.0 0.43007799983024597 0.5706130266189575 0.25078099966049194 0.248183012008667
6.0 0.6679689884185791 0.5841120034456253 0.25156307220458984 0.395639032125473
