0.0 0.39218801259994507 0.3392859995365143 0.23812496662139893 0.10714298486709595
1.0 0.1978130042552948 0.5386210083961487 0.04187500476837158 0.5589699745178223
2.0 0.38718798756599426 0.7308970093727112 0.21312499046325684 0.05980098247528076
3.0 0.8893749713897705 0.5780730247497559 0.04499995708465576 0.200996994972229
4.0 0.8012499809265137 0.3716779947280884 0.17499995231628418 0.12375402450561523
5.0 0.619687020778656 0.715116024017334 0.1968749761581421 0.06810605525970459
6.0 0.6084370017051697 0.5033219903707504 0.23812496662139893 0.3654489815235138
7.0 0.0721879955381155 0.5145350098609924 0.10437499359250069 0.12541496753692627
8.0 0.791562020778656 0.5768270045518875 0.15437495708465576 0.2549830377101898
9.0 0.39875002205371857 0.4958469718694687 0.21625003218650818 0.2308969795703888
