0.0 0.38683086674893674 0.3843628032165234 0.25893705065978984 0.18675303234375218
1.0 0.18479405246597913 0.6406875415822985 0.12813620581968438 0.5272976982315396
2.0 0.4284898842804545 0.7601824221984539 0.232494494123629 0.1539909337994605
3.0 0.9291328994548855 0.45507502626363433 0.06118740149754054 0.2236450768349446
4.0 0.7961516179370424 0.30370470687016776 0.19795626381570708 0.16532694862871963
5.0 0.6664865693382638 0.6852872584079234 0.21982077271383738 0.13873494874729864
6.0 0.6330269472105599 0.48241931241224856 0.3008191083211921 0.43482528894718236
7.0 0.0831057142034955 0.620026402845032 0.15230549603799354 0.21118753442375726
8.0 0.8460978811164778 0.4949194993317826 0.2126721474798503 0.313687253506263
9.0 0.41287384563248886 0.5245531223522879 0.26565158823376317 0.2815437530195156
