1.0 0.23926350736516167 0.5094148025013713 0.09173784050251668 0.5733769678349572
9.0 0.42175501826398176 0.4974156482676523 0.2580529721794144 0.27303254505721775
0.0 0.4297032320942873 0.3337504426030147 0.254509075741392 0.13495142941714916
7.0 0.08189807736166162 0.4533938164635296 0.135293046404136 0.17765150903922233
8.0 0.8323979428754158 0.6495356657965858 0.1840111897150566 0.2930319430326559
3.0 0.9336483132072699 0.6490842503805297 0.05286971606605817 0.2050569962822999
5.0 0.6324542397538837 0.7598267864021282 0.20498378299997633 0.09623924263163519
2.0 0.3875231868260526 0.7343404756750654 0.2207193025546505 0.10145896143317334
6.0 0.6422730950517038 0.5399333198978367 0.2854687443260133 0.4185874452268796
4.0 0.8598119670187181 0.4302531312534359 0.17658167375317335 0.1405151641425802
