0.0 0.4177361777862826 0.3510981118260419 0.23590365669659868 0.10937560607684099
1.0 0.1959843210917832 0.5191694654793215 0.06652081736608981 0.5555144574571356
2.0 0.3867772105567344 0.7319204366157056 0.20943866596482014 0.07028121744244364
3.0 0.9255140046885398 0.6345982375760444 0.042495961231195256 0.20563545600584487
4.0 0.8348226192848363 0.407329150989858 0.18539361192977755 0.12233012287384026
5.0 0.6281409361718276 0.7532173620650494 0.20248296331062732 0.08301949058698477
6.0 0.6243956401788495 0.5350329917562722 0.2564604560108902 0.37299865571965346
7.0 0.08887414178112282 0.47455141478715795 0.1095284866079253 0.13927248714117224
8.0 0.8243853558911871 0.612446313493377 0.16394475989200263 0.28538254626380977
9.0 0.4094779281610924 0.509791596424184 0.21938587057972775 0.2248120777046787
