0.0 0.3749999850988388 0.3831779956817627 0.26406195759773254 0.12876403331756592
1.0 0.13593700900673866 0.5872269868850708 0.06562500447034836 0.5742470026016235
2.0 0.37421900033950806 0.792834997177124 0.22968697547912598 0.0758049488067627
3.0 0.9457030296325684 0.6266869902610779 0.04140603542327881 0.22741401195526123
4.0 0.8417969942092896 0.39979198575019836 0.20234394073486328 0.13291800022125244
5.0 0.6312500238418579 0.792834997177124 0.21875 0.07788205146789551
6.0 0.6207029819488525 0.5581520199775696 0.263280987739563 0.4122530221939087
7.0 0.05195299908518791 0.5752859711647034 0.10234399884939194 0.14953303337097168
8.0 0.8355469703674316 0.6266869902610779 0.17890596389770508 0.29802703857421875
9.0 0.3843750059604645 0.5623049885034561 0.24687498807907104 0.24402901530265808
