0.0 0.38906198740005493 0.3758310079574585 0.2706249952316284 0.10714298486709595
1.0 0.12312499806284904 0.6054819822311401 0.047499991953372955 0.6378740072250366
2.0 0.37156298756599426 0.8139529824256897 0.22687500715255737 0.07142901420593262
3.0 0.9412500262260437 0.6382889747619629 0.03624999523162842 0.21179401874542236
4.0 0.8428120017051697 0.41901999711990356 0.18312501907348633 0.11711001396179199
5.0 0.645937979221344 0.8031560182571411 0.21937501430511475 0.0797339677810669
6.0 0.6309379935264587 0.5610470175743103 0.25687503814697266 0.4011629819869995
7.0 0.045625001192092896 0.5481730103492737 0.09000000357627869 0.14119601249694824
8.0 0.8399999737739563 0.6357970237731934 0.1549999713897705 0.281561017036438
9.0 0.3956249952316284 0.5527409911155701 0.24000000953674316 0.24003303050994873
