1.0 0.2331385889223494 0.5884017443227678 0.0682666679158519 0.5538029672745427
8.0 0.11546833792864092 0.5445650200549552 0.10954025055556486 0.14787975539434933
9.0 0.4371247383959296 0.5636711434502454 0.2350343583704917 0.24530263766487986
2.0 0.40744370576496136 0.7940367075286757 0.20501770066374086 0.0759659528390999
0.0 0.43564031494032784 0.4015924960156475 0.24830614648037774 0.12039353906923617
4.0 0.8722831804364408 0.4738620340813673 0.2033040964376015 0.13764166070631
3.0 0.9640950605767453 0.699297053317217 0.041769862435099725 0.21577633566576448
8.0 0.8541140989957369 0.7057148155395643 0.20130538911840046 0.29987777684021677
5.0 0.6504825397559352 0.8129057043603984 0.2001485789514732 0.0895293076871192
6.0 0.6490686235816246 0.590054126570859 0.26088588422779035 0.3944649442093124
