1.0 0.1809380054473877 0.5888699889183044 0.048124998807907104 0.5598009824752808
4.0 0.8287500143051147 0.4223420023918152 0.17124998569488525 0.11212599277496338
9.0 0.4140619933605194 0.5481730103492737 0.22187501192092896 0.21594703197479248
0.0 0.40437498688697815 0.38579699397087097 0.2475000023841858 0.1004980206489563
2.0 0.39687497913837433 0.781561017036438 0.20874997973442078 0.06146204471588135
3.0 0.911562979221344 0.6229239702224731 0.03437495231628418 0.18604695796966553
5.0 0.6399999856948853 0.7661960124969482 0.19499993324279785 0.0672760009765625
6.0 0.6237499713897705 0.5519099980592728 0.23374998569488525 0.36129602789878845
8.0 0.8187500238418579 0.6324750185012817 0.1625000238418579 0.25664496421813965
7.0 0.07468800246715546 0.558555006980896 0.09562499821186066 0.14368796348571777
