0.0 0.3944555851359517 0.27162974417800234 0.23539547887878504 0.11675201303217739
1.0 0.18008396339432223 0.4777809653177115 0.06588495285302476 0.4378485739632651
2.0 0.3795689563005745 0.6581121332009263 0.22309395255641468 0.0700507659896823
3.0 0.9096755119585824 0.49542749337292685 0.04991501614156191 0.19594942781248637
4.0 0.8131905703603004 0.30055067369033633 0.17346407416486664 0.10910337848507867
5.0 0.6278396040537457 0.6378856787995459 0.2125079029037623 0.07403104707650221
6.0 0.6143770298882856 0.4312787761510024 0.25074047768874685 0.3586410169403125
7.0 0.08409975480082191 0.4394687108479202 0.10420107983944325 0.1196047260187243
8.0 0.8041929915067016 0.5116753946856328 0.1766821355229965 0.25530290885751405
9.0 0.39993022018846514 0.42520636222936936 0.2393750648610551 0.20981879168478218
