1.0 0.16084239508974 0.43726061278922 0.10927235387834662 0.5635438159765309
0.0 0.4128212868450103 0.2925800691825261 0.2525620451117743 0.1506768531409781
2.0 0.3537106438422981 0.6826949999284806 0.21083159321684297 0.1059819241780735
3.0 0.8888215505270005 0.6423657957956592 0.05405523524606648 0.19491268329981148
4.0 0.8266311309944072 0.42608009320943707 0.19187019700738905 0.1514030719579446
5.0 0.5933208566787689 0.7232102216207721 0.1962811221369385 0.10413228377016759
6.0 0.606094868306474 0.5064778839238986 0.28398658414664185 0.41707209133817447
7.0 0.07078809273195935 0.3843757900018032 0.12019352721771388 0.1725044179695519
8.0 0.7892629025287052 0.6344777834357886 0.19846675305479067 0.28997264975234055
9.0 0.3995819695412145 0.45816751449849097 0.2554147432126155 0.2701482234870808
