0.0 0.45096928693397415 0.41269496260953425 0.25824747322710306 0.11618694833039556
1.0 0.2303323635899066 0.629963897996268 0.07349774507599469 0.565130527877229
2.0 0.4468850742420702 0.8152094212250396 0.2249853860388008 0.07504392338514732
3.0 0.9814134175042888 0.6415462512689543 0.037173164991422425 0.23539937179358894
4.0 0.8961444959765347 0.4308831112513958 0.20768154153008034 0.1338716105655528
5.0 0.6912677895611087 0.7994658230659346 0.20781091036072152 0.07574150280950309
6.0 0.6840786055359289 0.5763223938320927 0.23632209187425202 0.3898046718507101
7.0 0.11322832427523397 0.6037222080261182 0.12254666893936655 0.13322372929007043
8.0 0.8797760621447035 0.6435877543069264 0.15937431064059704 0.28343613896016595
9.0 0.45362936402972387 0.5803658550019248 0.25639115932266515 0.22930052956420294
