0.0 0.37539100646972656 0.31619900465011597 0.24296903610229492 0.10072702169418335
1.0 0.19218799471855164 0.5259609669446945 0.03906199336051941 0.5638629496097565
7.0 0.06054700165987015 0.49844199419021606 0.09609399735927582 0.14330196380615234
2.0 0.3605470061302185 0.7222219705581665 0.205469012260437 0.057113051414489746
3.0 0.8820310235023499 0.5503629893064499 0.029687047004699707 0.197299987077713
9.0 0.3863280117511749 0.4781930148601532 0.22421902418136597 0.23572200536727905
5.0 0.6132810115814209 0.707165002822876 0.1968749761581421 0.06230497360229492
6.0 0.603905975818634 0.48753897845745087 0.2265620231628418 0.3748699724674225
4.0 0.7953119874000549 0.34787100553512573 0.1625000238418579 0.11422598361968994
8.0 0.7898439764976501 0.5565940141677856 0.15625 0.2762199640274048
