0.0 0.39920276275366623 0.3927886762712063 0.25679902114710884 0.11322903766711706
1.0 0.18198867637609678 0.5852382145765731 0.06966232507841141 0.5970566379566151
2.0 0.37547279194065475 0.7990349507751457 0.2276689227643337 0.08701229224048468
3.0 0.9272543466670051 0.6794526339303437 0.05157425927537673 0.21222844253003348
4.0 0.8336670954020391 0.4575711650025406 0.1920469491284834 0.12557737826244447
5.0 0.6309205273036178 0.8129571354547751 0.2099807280626783 0.08068729619116388
6.0 0.6236162591172124 0.5865123201601736 0.27148947037114324 0.39202100094083525
6.0 0.05160003938100685 0.5234122643667884 0.1032000787620137 0.15374568014882173
8.0 0.8253476446183305 0.6690800944376079 0.1672666488527893 0.28397477247489633
9.0 0.3958903608483818 0.5614215658201358 0.2496483094134676 0.24819830484193145
