0.0 0.39531299471855164 0.3978410065174103 0.25312501192092896 0.09966802597045898
1.0 0.17687499523162842 0.6146180033683777 0.041249990463256836 0.5830559730529785
2.0 0.39125001430511475 0.8056480288505554 0.2250000238418579 0.06478404998779297
3.0 0.9209370017051697 0.6378740072250366 0.04062497615814209 0.2059800624847412
4.0 0.8265619874000549 0.4302330017089844 0.1731250286102295 0.11295700073242188
5.0 0.6378129720687866 0.7890369892120361 0.20812499523162842 0.08305597305297852
6.0 0.6200000196695328 0.5701829940080643 0.24125000834465027 0.3679400384426117
7.0 0.06937500275671482 0.5631229877471924 0.09875000640749931 0.132889986038208
8.0 0.822812020778656 0.6341360211372375 0.15812504291534424 0.25830602645874023
9.0 0.40187498927116394 0.5660300403833389 0.2225000262260437 0.2201000154018402
