0.0 0.37100237731931074 0.44031125602920984 0.26235119704627996 0.1619642250222535
1.0 0.19642943224187714 0.6919713827192442 0.11445554070517802 0.565453024816742
2.0 0.4144761037020992 0.8257533282975905 0.2179747974020791 0.11165954055092109
3.0 0.9238076209779656 0.5294654377373884 0.05958812536486935 0.20319257586076955
4.0 0.7939870940225167 0.36737250025086826 0.1947976942723293 0.1501953345263649
5.0 0.656183071514009 0.760790198290744 0.20474076368786998 0.11473996261639519
6.0 0.6141434959627878 0.5510729292535036 0.28995783527272917 0.417327533687617
7.0 0.07173502307084928 0.6886558334208988 0.1210117199032264 0.1534795011383726
8.0 0.8240590207087554 0.573258256267137 0.19240904511448575 0.30036161421125135
9.0 0.3953663654631622 0.6049445925273936 0.24526810605891902 0.2746023117972945
