0.0 0.4527050617529508 0.29495573635547306 0.23455647969860877 0.11347189418703538
1.0 0.2902011503725823 0.5011636924338349 0.05287486106335554 0.5330697263447592
2.0 0.45502098519026046 0.6817340223667083 0.204162592750104 0.07468044184557798
3.0 0.9536018123534217 0.4947563755732224 0.040749150872517736 0.18683837836877376
4.0 0.8537261755780345 0.29935883756109655 0.17344062162131957 0.11378587141085236
5.0 0.6907981916640935 0.647711638967744 0.1972922468646272 0.07434295019090731
6.0 0.6731940937536385 0.4420394575793159 0.23620912815227324 0.3522661836506834
7.0 0.15346916280597758 0.46466088582749976 0.09273093313683863 0.12722749995931926
8.0 0.8607019971864598 0.505137830459378 0.15497325419415153 0.2571007465897191
9.0 0.46748998862430025 0.4554694933173842 0.21805753688186708 0.21544146329201957
