0.0 0.42907714360421456 0.34350986231878033 0.2694688187942114 0.17746277086525147
1.0 0.22762036458798166 0.5194783788521129 0.12058411855590995 0.5996339298374199
7.0 0.07545431436693462 0.4662741142541639 0.11193551531682516 0.14706990292203265
9.0 0.4273891747763841 0.5109873821269146 0.2598637789932733 0.2940180007014227
2.0 0.38435658237495934 0.7567846026899541 0.23050798045106557 0.11711174906297017
6.0 0.6558417727631172 0.5618987470292688 0.28811382271514274 0.44376236502120586
4.0 0.8772097480845382 0.45867669859750665 0.19917750753664765 0.1671070761195409
3.0 0.949288300437136 0.6859257463003352 0.07565773540315812 0.22988559695012067
5.0 0.6389875903258524 0.7944681432756717 0.22407635496487566 0.11969661580355606
8.0 0.8448443609233032 0.672602138842465 0.19532468445353146 0.2998744252236968
