0.0 0.47749999165534973 0.3604170083999634 0.19374996423721313 0.09583300352096558
1.0 0.30375000834465027 0.5345829725265503 0.04000002145767212 0.45249998569488525
2.0 0.46687498688697815 0.7104169726371765 0.17000001668930054 0.060832977294921875
3.0 0.880312979221344 0.5720829963684082 0.02937495708465576 0.17083299160003662
4.0 0.8162500262260437 0.4041669964790344 0.12000000476837158 0.1116669774055481
5.0 0.6681249737739563 0.6949999928474426 0.17375004291534424 0.06499993801116943
6.0 0.6587499976158142 0.507082998752594 0.20624995231628418 0.33249998092651367
7.0 0.22562499344348907 0.5091670155525208 0.08124998211860657 0.11500000953674316
8.0 0.8118749856948853 0.5862500071525574 0.12750005722045898 0.22249996662139893
9.0 0.4775000065565109 0.49333301186561584 0.18250003457069397 0.1899999976158142
