0.0 0.5084915110195103 0.416785269630397 0.17845937625809027 0.13206319968399383
1.0 0.3632392813513273 0.5291742195856891 0.08436700843721212 0.3023684710484902
2.0 0.44638459379054035 0.6961391965542293 0.14722847028030472 0.09929459621281378
3.0 0.8197513246465583 0.7192732074080204 0.056983049751926806 0.15642501542419884
4.0 0.790353557617369 0.5519396711085025 0.13000167595350665 0.12837990741142474
5.0 0.6098581447565632 0.747125281583052 0.15572283025389144 0.10529648295292582
6.0 0.6331082128280765 0.5898119113170335 0.2240480369778246 0.3271236652605053
7.0 0.2833979320703381 0.4690015603256979 0.07769386314078963 0.10536657253139003
8.0 0.7553622954320363 0.7016470864073181 0.14175746949056045 0.22686777035846784
9.0 0.4935224035463166 0.5309013932231048 0.1831467886509115 0.20633818922433483
