1.0 0.24007806080371552 0.48119134248081136 0.11985180913363846 0.5051116928788048
7.0 0.16162177507144287 0.4230316496904256 0.10485940719279378 0.14776708084271795
0.0 0.460047455887553 0.355224855013249 0.22474367141708435 0.13739974589966952
4.0 0.8410509460425774 0.48275167511054484 0.1791298157157748 0.14608150889267146
3.0 0.8983848289947106 0.697091024236187 0.05544852902657649 0.19285184921681175
2.0 0.391361116139804 0.6964376369891179 0.19893523763020005 0.1031034111438126
9.0 0.44264232960175254 0.4975782424081976 0.2318487711930553 0.25240736462672025
5.0 0.6147507400929868 0.7578911243465607 0.1874634180741941 0.11246889589715059
8.0 0.8078977497171822 0.6861047169401145 0.1956344490152635 0.29171392043540645
6.0 0.6331260695693015 0.5573098686653912 0.27084788709667057 0.39166483373001554
