1.0 0.22798045737826683 0.5227697032019136 0.055200006559947834 0.5655383870695732
7.0 0.10012918767019119 0.4749993572269072 0.10342170075244896 0.16117655830967048
9.0 0.43111795107279705 0.48370907049975953 0.2350270601374731 0.23715568101800644
2.0 0.4041701924344176 0.7185999787645208 0.21293072116897915 0.06773275690517933
0.0 0.42777049337864326 0.31929078630439234 0.25132612098568496 0.11480065134956174
6.0 0.6462814994826214 0.5035890356472936 0.262817882129585 0.39119822010862293
5.0 0.6512374622716834 0.729633930813204 0.20402783918445477 0.08043186125498714
4.0 0.8651562076214474 0.3719580220360477 0.18430258886299467 0.1222705390416231
3.0 0.9504888658175645 0.5896405289940008 0.03568056106329942 0.20171783888693223
8.0 0.8521747911869151 0.6010565476223906 0.17585331041082897 0.2732566210462982
