0.0 0.45194535066831265 0.3724144205527437 0.20558768349669654 0.1576030649361554
1.0 0.3165415695984242 0.5991501972475145 0.1238974133662405 0.45140183077451795
2.0 0.5075437734610351 0.7147669147330172 0.17600960438637692 0.11577553370463867
3.0 0.8817083827641112 0.44250566370099137 0.060591980304083415 0.17519503009244353
4.0 0.788087816860796 0.30140283573012977 0.13717892949153532 0.1482501172676435
5.0 0.6994499255867404 0.6324960036015842 0.18042397758978324 0.1210640445385871
6.0 0.6550018902822582 0.4537313018299891 0.2622373078378255 0.3908776805310157
7.0 0.23613299118715378 0.600691962437707 0.10029665243880287 0.138508940788718
8.0 0.818127779027344 0.4791216746697171 0.1653019073067602 0.2580453340734679
9.0 0.4769652231673903 0.5010759366316975 0.21242366818721936 0.24499114732259492
