1.0 0.24954321224938159 0.5140934596243361 0.06116461410860996 0.5720475287053187
7.0 0.11911937148151228 0.46339936243699575 0.11404616423734805 0.16001765910616506
9.0 0.4488141425588808 0.48472874208177513 0.23374386516124057 0.24062395292986116
2.0 0.4235995029400511 0.7146526869074583 0.21084854771741823 0.08019873637078445
0.0 0.4479753225960055 0.3256061759189026 0.2454045049870564 0.11150474868422772
4.0 0.8636543385338131 0.39091038421654634 0.1701508427462063 0.11919218417594929
3.0 0.9458686771095083 0.6039774454786324 0.03839301284401242 0.19486559864293584
8.0 0.8542045306327976 0.6015140849332616 0.17452159229841357 0.26961409390560287
5.0 0.6627455515972804 0.7186364231693918 0.1946845201737164 0.0794877709480375
6.0 0.6582798195987722 0.5104572971499972 0.25441191875608615 0.38270424446412254
