0.0 0.46684028562236857 0.4050960269203583 0.22980783703861124 0.1265926506995414
1.0 0.23971595051526817 0.5678360332646403 0.07348863600603547 0.39445234962040215
2.0 0.4197658718546463 0.760182973123732 0.19722849082312627 0.09126052225027925
3.0 0.9119355244094127 0.7178037765924534 0.05966879752095822 0.19728694611699427
4.0 0.8513151497298044 0.5105111872305552 0.17665043411677372 0.13340752010615103
5.0 0.6444337910136899 0.7991124970249022 0.18913332969972496 0.1029431998779099
6.0 0.6506574213796641 0.6009821800075018 0.2545993630470238 0.37670372897917037
7.0 0.16424779581080212 0.515439950398196 0.09958422579274813 0.11279276552909984
8.0 0.8252606314030582 0.7154677718205509 0.17603301991028364 0.2665054122293995
9.0 0.4580232085400089 0.5526025587988305 0.221624380906512 0.2438458383483349
