0.0 0.40821792723534733 0.26596767004785987 0.2696682338671334 0.1476188605615917
6.0 0.6336756925765923 0.4781485360121246 0.27929837236229443 0.4267337658079399
4.0 0.8572297623091395 0.3606707468578921 0.19763872602675336 0.1478879365297634
3.0 0.9285861634302257 0.5942571996260091 0.05354726273460886 0.2133392661307585
5.0 0.6225445368703635 0.704800413936181 0.2168143641232524 0.09831065171923925
2.0 0.3701972458282765 0.6756550315348515 0.23092856085935315 0.09252879887047982
9.0 0.4045400248008534 0.43651902409054966 0.2557239583716145 0.2792074488331753
1.0 0.15562499838585137 0.45146343951133594 0.10670204093114818 0.5921549251418807
7.0 0.05749466747802125 0.39632833591396077 0.11350997048579975 0.15589552246473998
8.0 0.8255530478943939 0.5814164127732393 0.19523108175557247 0.3114075210061184
