1.0 0.23824528857432667 0.7166001767567023 0.15670733108872809 0.5667996464865954
7.0 0.09019503178662286 0.7521696053896559 0.13480870754121177 0.183283368169743
9.0 0.43034266020613127 0.6129491460709565 0.29231150651075855 0.32524033769356836
0.0 0.3833360838033699 0.44647423631705047 0.26843529028617463 0.18539898871014537
4.0 0.8305551535068448 0.31904635843201196 0.204751161869968 0.1817054886062567
3.0 0.9728920129774827 0.4855888252695685 0.05421597404503453 0.2161781272011824
8.0 0.8727380270346996 0.540908654348983 0.21044375477841581 0.3233772727129
2.0 0.46731099100399925 0.8589782081752464 0.22435499396517267 0.13331892212496965
5.0 0.7104753510188857 0.7538187626488075 0.2153603606169857 0.13613564350069518
6.0 0.6526795911345706 0.5395881173025896 0.328501657587026 0.4761293434763478
