0.0 0.45157366029215695 0.3385009213425024 0.28859326109050926 0.1888397368820746
1.0 0.21361219875198786 0.49824221819770564 0.15531734921663692 0.6136700232087111
2.0 0.37483717623460244 0.7714207789544988 0.24013344953728816 0.1423637319103186
3.0 0.9611255007421575 0.7620994476873555 0.05139569293765589 0.2283643060025723
4.0 0.8988360532310673 0.505077329027446 0.2023278935378654 0.18372341094563005
5.0 0.6399216739903406 0.8317869052095588 0.2183410658200352 0.13936022366281942
6.0 0.6608453215522655 0.603253196317933 0.3262966951494055 0.4793496154491441
7.0 0.05602799655479067 0.40778251805829346 0.11205599310958134 0.16999442798516723
8.0 0.8607842216307575 0.7268496610121519 0.2248241859254141 0.3445025211176769
9.0 0.4240356220452589 0.5282717021519068 0.29409768893778465 0.33335223322000995
