1.0 0.25730753690460423 0.6171589969132608 0.12930145151212546 0.5318399323596101
0.0 0.42326198920342656 0.36895219855670125 0.2596360033520503 0.17667149725602732
7.0 0.15682890183197068 0.6190782205177714 0.12045097589195926 0.15740555272126477
2.0 0.479512093735784 0.7521115566714163 0.21003990646346782 0.1061047021641165
3.0 0.9439453430080704 0.46551012894869753 0.0777275502135032 0.21708538433548064
4.0 0.8248497500006424 0.2836458788664463 0.17958476685868874 0.16012725584396206
6.0 0.6688652511730013 0.47111607311273684 0.2703087059102959 0.4151127073518595
5.0 0.711506454566726 0.6722170203973311 0.20409904859156136 0.11883877006505617
9.0 0.46040714460136084 0.5283254687719618 0.2414259270821978 0.28023898522938573
8.0 0.8608891748967631 0.4829919033529779 0.2046434703982658 0.30588968584500614
