0.0 0.38024503392838194 0.34803174194420305 0.26113796693206104 0.1327927614453392
1.0 0.14622892655300956 0.5739532404649692 0.07558811936457802 0.6066079697093925
2.0 0.377688648941165 0.76409720841769 0.22791828426142613 0.08079960019335186
3.0 0.9341761958364079 0.5646091335653542 0.047645732875835956 0.2084938131592402
4.0 0.8296042647875035 0.36248137397897057 0.1879645794284368 0.13913835227517635
5.0 0.6428114896208019 0.7422294672591139 0.21705393516510285 0.08911914440951685
6.0 0.6161034624736814 0.5154036914162458 0.26193132283667986 0.3983047480109608
7.0 0.06059161157670408 0.5380728061328129 0.10828156656768925 0.13840237000758004
8.0 0.8273119393173691 0.576409044137192 0.16906464546577205 0.27175474677521816
9.0 0.39322614069734607 0.5217748329684014 0.2452437943955244 0.2474312097329694
