0.0 0.3690036675045669 0.3525078483522476 0.26346582861291407 0.1704859939879299
1.0 0.22654290535577792 0.608937915994272 0.13200194361974263 0.575800236157948
7.0 0.07836982965953847 0.6204059016139947 0.11874020698870154 0.16981219477832632
9.0 0.4127752261982686 0.5085158100326272 0.26220225113559426 0.28202721115197227
2.0 0.432086178207004 0.7486485671218625 0.22499475180625916 0.127584468930944
3.0 0.9426055344827132 0.43086217061487053 0.07449728953294343 0.2147499404709084
4.0 0.8119702100483147 0.24499292549271842 0.20538520399788607 0.17046984799264647
5.0 0.670418341284112 0.6691240548805335 0.21590083986009334 0.12878246981928398
6.0 0.6287388421118802 0.4504202677097213 0.28251540355847576 0.4361574239524775
8.0 0.83978143202591 0.4669051216891481 0.2193873489727699 0.32506800695546945
