1.0 0.2290630042552948 0.5394520312547684 0.03562501072883606 0.5639530122280121
7.0 0.0996870007365942 0.49958498775959015 0.09812499955296516 0.15531596541404724
9.0 0.43062499165534973 0.48795701563358307 0.22750002145767212 0.22342202067375183
2.0 0.41187502443790436 0.7242519855499268 0.21125003695487976 0.05481696128845215
0.0 0.4215629994869232 0.32392001152038574 0.24812501668930054 0.09966802597045898
6.0 0.6462500095367432 0.4946010112762451 0.25 0.37624597549438477
5.0 0.6590620279312134 0.7200999855995178 0.2018749713897705 0.06810605525970459
4.0 0.8603129982948303 0.3496679961681366 0.18062496185302734 0.11129599809646606
3.0 0.953125 0.5618770122528076 0.028749942779541016 0.2001659870147705
8.0 0.8553130030632019 0.5793190002441406 0.16687500476837158 0.2632889747619629
