1.0 0.17513129033546226 0.5718072680133452 0.06831587998265953 0.5828916587390724
0.0 0.40098973128900034 0.3439021863171481 0.26677965347325594 0.12679830681975818
2.0 0.40332266845905046 0.7534913790745845 0.21640581144949012 0.07077524115173695
3.0 0.9467168440767698 0.5629364595667363 0.04118420418102997 0.19822800008087138
4.0 0.8568220843749067 0.3516206957352893 0.19815629909789867 0.1354299058754892
5.0 0.661268357254646 0.7323086297755725 0.20903580040131808 0.08671713610067688
6.0 0.6358149708992514 0.5059252875007688 0.2685445782410958 0.4028829812646115
8.0 0.8475929796993495 0.5794930525647336 0.17869362111135378 0.284259884316375
9.0 0.4176288959259989 0.5131552811753696 0.24770712751200563 0.24261137373072722
7.0 0.06440801431498128 0.5389414674536972 0.0947483117137386 0.15866617585682025
