1.0 0.19936770670593704 0.6276356626909045 0.08859223217610529 0.6088879412289955
7.0 0.060234393036969786 0.6057523066804396 0.11157252564768178 0.17547182785256543
2.0 0.41948121821312784 0.8039973618238969 0.2240424494222012 0.08086617052154843
3.0 0.971257287484764 0.5690243330383017 0.053254420319248985 0.20980529547282373
8.0 0.8665539358914693 0.5940238507780158 0.1996245798052685 0.30306356733306894
5.0 0.6733783526934212 0.7580345347641353 0.21026173160771167 0.08748811004028412
9.0 0.4131207219823536 0.5529568308787065 0.2509852410895565 0.2662842991699027
0.0 0.3930260515006947 0.37978338373175374 0.2770440517753976 0.13543173598101654
4.0 0.8622755004984275 0.3652534548974187 0.20521996370393547 0.14274992591937247
6.0 0.6426779998642578 0.5281434986161896 0.2794199057130792 0.42723885486831764
