0.0 0.4987500011920929 0.43791699409484863 0.17500001192092896 0.07916700839996338
1.0 0.3646869957447052 0.5879169553518295 0.04062497615814209 0.40416696667671204
2.0 0.4846869856119156 0.7479169964790344 0.15187498927116394 0.05750000476837158
3.0 0.862500011920929 0.6408330202102661 0.023749947547912598 0.15666699409484863
4.0 0.8053119778633118 0.4808330088853836 0.11812496185302734 0.09666702151298523
5.0 0.6675000190734863 0.7462499737739563 0.16374993324279785 0.06916701793670654
6.0 0.6568750143051147 0.5779169797897339 0.1887500286102295 0.2958329916000366
6.0 0.2759379968047142 0.5674999952316284 0.07937498390674591 0.09666705131530762
8.0 0.7990630269050598 0.6495829820632935 0.11062502861022949 0.20249998569488525
9.0 0.5018749982118607 0.5545830130577087 0.16875001788139343 0.17083299160003662
