1.0 0.17632749805741604 0.6052824171539206 0.07473581238929278 0.5896266049658384
7.0 0.050117152774626916 0.549345143455483 0.10023430554925383 0.16839215067201668
9.0 0.38839000883216285 0.5701151415391403 0.25567401167729364 0.2733218229268812
2.0 0.3576386424286949 0.8172770730930025 0.22503337716936087 0.08826050099233873
0.0 0.3871751941871507 0.3925464125979924 0.2630206555951521 0.13415880765048138
4.0 0.8379430879516625 0.46158674008274514 0.1996138687459651 0.14078031939699936
3.0 0.9236580969247685 0.6949507072581805 0.044943109342770016 0.21781546751523106
8.0 0.8214356986007356 0.6956406932468717 0.18345939428360303 0.29878789553295615
5.0 0.6157167822170615 0.8260161824197008 0.21218986993118516 0.09104870746118066
6.0 0.6127127770631507 0.593279411365947 0.27560586633648215 0.4235327618825913
