1.0 0.1876621365044577 0.47706076223076677 0.09606561260093266 0.602197613062279
9.0 0.401922863431709 0.44674604825314634 0.25146063395204715 0.25704533477626
2.0 0.38059284933232107 0.6914638329341711 0.22588824918380662 0.07826181104262053
0.0 0.3906045794841722 0.269664866745948 0.2752457231200597 0.13126188456084423
7.0 0.04661205967513045 0.44414097179317735 0.0932241193502609 0.16027752491760444
6.0 0.626940431447701 0.46207395202499396 0.26789485392706114 0.4087329601595874
5.0 0.632809481664104 0.6911796307081998 0.20610645002369354 0.08187775719271073
4.0 0.878258449253025 0.3228424234866038 0.21646041673641314 0.14049419621297599
3.0 0.949378236105207 0.5476604653976463 0.035622726389899495 0.21338713114648272
8.0 0.8396423498298038 0.5613921590692678 0.18995420612552916 0.2925656603265439
