0.0 0.4237255329847994 0.33910034352862056 0.23194617125219286 0.10598690904567964
1.0 0.2432338114996574 0.4888861110107988 0.04183497129155181 0.41441960648767967
2.0 0.4080895833733116 0.709633905341603 0.19387968539495315 0.06274062320322693
3.0 0.8901091464473863 0.5890604443036491 0.03987400178464584 0.1769467194103722
4.0 0.8174857843538206 0.3892056205632301 0.16697911194205517 0.10609606996703724
5.0 0.6287744443201964 0.7078414531894646 0.18398237601688372 0.06997573298046456
6.0 0.6202149911582528 0.5086849929189112 0.2252596857008572 0.3507256686192759
7.0 0.1222882507212098 0.48807493551047887 0.08815202699864612 0.09757331060461677
8.0 0.794693631999158 0.5955048747793048 0.1485316191644358 0.22021811465638008
9.0 0.4222725463401479 0.4927444579169933 0.21590849796020212 0.21352575128589307
