1.0 0.1604835295073418 0.5837982510148814 0.05461818692126963 0.5901761503436582
7.0 0.07418841981403371 0.5485987488191415 0.11488017258161687 0.17302355835156624
0.0 0.3931800437916319 0.3411269655312674 0.2575659840098731 0.11911157790094784
4.0 0.8363492051804722 0.3332514419148741 0.19010313271454804 0.12734088307414343
3.0 0.9372667790234295 0.5453846664992371 0.03889184851314509 0.200462544336869
8.0 0.8460544512563997 0.5571326561390688 0.18721326313422304 0.2808929896866953
5.0 0.6581382865419488 0.7182922287923954 0.20243826189018232 0.08030680114853095
6.0 0.6314634274497117 0.49275670822249956 0.2603464981495486 0.40783573906603
9.0 0.41528831417369394 0.5100194642287125 0.2494033645965978 0.2507794987386609
2.0 0.40649996134088934 0.755651326305299 0.22050032957940446 0.08081786626240883
