1.0 0.1912499964237213 0.708886981010437 0.03999999165534973 0.549003005027771
7.0 0.0775000024586916 0.6947669982910156 0.11375000700354576 0.14534902572631836
0.0 0.4124999940395355 0.512458011507988 0.24875003099441528 0.09800699353218079
4.0 0.8412500023841858 0.5311460047960281 0.16875004768371582 0.11046501994132996
3.0 0.9443749785423279 0.7230070233345032 0.033750057220458984 0.19518303871154785
8.0 0.8337500095367432 0.7433549761772156 0.15125000476837158 0.2524920701980591
5.0 0.6512500047683716 0.8816450238227844 0.19000005722045898 0.06395304203033447
2.0 0.40687499940395355 0.8945180177688599 0.20624998211860657 0.056478023529052734
9.0 0.4243750125169754 0.6789870262145996 0.24125000834465027 0.23006606101989746
6.0 0.637499988079071 0.6760799884796143 0.23874998092651367 0.367110013961792
