0.0 0.34771599416710475 0.340396218989065 0.29548266458412403 0.19736117542395104
1.0 0.16419329886982642 0.6641710951639196 0.15627186648958952 0.574319721030421
2.0 0.4139976426080284 0.7589438792794831 0.2667737334713786 0.16579944535777102
3.0 0.9591639471003119 0.3668660552514458 0.081672105799376 0.25906123354583394
4.0 0.8211951158914523 0.18434254354385865 0.2194318789280758 0.19335113488294067
5.0 0.692721384698211 0.6501597921215934 0.24753778819112393 0.15701203805320618
6.0 0.636229066569582 0.41002399282217383 0.35441858554538175 0.5009434019164196
8.0 0.8609109042744987 0.4177448741294569 0.21956025962204873 0.35887342098728203
7.0 0.05959846855967008 0.6265269606685024 0.11919693711934017 0.18978099556991612
9.0 0.38849676522529153 0.49714114193809245 0.2894087438437991 0.32768151728860806
