1.0 0.24065592214941042 0.536979833093854 0.05782277785897799 0.573921627866222
9.0 0.42184867287367656 0.5057048812884476 0.245868781864365 0.24977899320344982
0.0 0.41996326836297077 0.341718337866056 0.250835466059267 0.10953223415325747
7.0 0.08043303088033528 0.4977914923969503 0.12676198996546809 0.16609834772801157
8.0 0.8403037264383074 0.6138814938344618 0.16921515431442602 0.27826958060122525
3.0 0.9412054370111702 0.6027157225845172 0.04111177689401557 0.2030513534445907
5.0 0.6476048050194694 0.7449832475833764 0.20279839999466454 0.07553606085393394
2.0 0.401924357402728 0.7455000636582099 0.2185008161223651 0.07912639925844844
6.0 0.6442143692631812 0.5247490654450473 0.26475138512488716 0.39501942357598685
4.0 0.854489183944017 0.39239412594555506 0.17112092994071781 0.12374630544065679
