1.0 0.16062499582767487 0.5473420023918152 0.041249990463256836 0.5946840047836304
9.0 0.41062501072883606 0.4896180033683777 0.23624998331069946 0.2333890199661255
2.0 0.38906198740005493 0.7317280173301697 0.21562498807907104 0.06976699829101562
5.0 0.6462500095367432 0.7109630107879639 0.20624995231628418 0.06810605525970459
6.0 0.6306250095367432 0.48629599809646606 0.24749994277954102 0.3878740072250366
4.0 0.8462499976158142 0.3347179889678955 0.18500006198883057 0.12126201391220093
3.0 0.9462500214576721 0.5506639927625656 0.034999966621398926 0.20597997307777405
8.0 0.8450000286102295 0.5676910132169724 0.18250000476837158 0.27325597405433655
0.0 0.3946879953145981 0.31852200627326965 0.25312498211860657 0.10215902328491211
7.0 0.06531199999153614 0.5083060413599014 0.10312500223517418 0.15614601969718933
