0.0 0.41148161807329825 0.2820856341233472 0.25931686335712223 0.12232400015821693
1.0 0.1851396246943982 0.476617188951434 0.061722168596690746 0.45568123550916845
2.0 0.4011301110855192 0.6988127474259362 0.21987377160353105 0.0754844343156228
3.0 0.9655650237713933 0.545521898398627 0.05063285440460541 0.2114911380811561
4.0 0.8671680447611938 0.32334258386024495 0.19272011157378266 0.12624198163657036
5.0 0.6573756306757019 0.6953897240199375 0.21307912300149645 0.07760932812520549
6.0 0.6517284154072851 0.4673327030902626 0.27023097612071256 0.40213319737372577
7.0 0.07552671851846778 0.471208390214923 0.10039398808627617 0.10393531643440085
8.0 0.8656210659066923 0.5618228955868035 0.1773814374658963 0.23811313979723842
9.0 0.4169660379941471 0.45319451063925054 0.22536811503101206 0.2373492314311792
