0.0 0.3515619933605194 0.3712620139122009 0.2681249976158142 0.12624597549438477
1.0 0.15062500536441803 0.6071429699659348 0.04875001311302185 0.6063119471073151
2.0 0.3590629994869232 0.8114619851112366 0.22937500476837158 0.06810605525970459
3.0 0.9028130173683167 0.6191859841346741 0.02937495708465576 0.21677696704864502
4.0 0.809374988079071 0.40448498725891113 0.1875 0.11461800336837769
5.0 0.6078119874000549 0.7931889891624451 0.19937503337860107 0.07475101947784424
6.0 0.59375 0.5622919648885727 0.2437499761581421 0.40697696805000305
7.0 0.039374999701976776 0.5602159947156906 0.07750000059604645 0.13870397210121155
8.0 0.7981250286102295 0.6208469867706299 0.17375004291534424 0.281561017036438
9.0 0.37156298756599426 0.5535710006952286 0.24437499046325684 0.2516610324382782
