0.0 0.36822315863907296 0.32409803313139096 0.2682197766359431 0.17117698785116872
1.0 0.20945603145213892 0.5962688564873764 0.13164454273602763 0.5906354622903548
7.0 0.06547465359380909 0.604703700741845 0.12277948164976091 0.17232692647607528
2.0 0.4274092189061738 0.7432945505045216 0.23567763881962317 0.13055024637877488
3.0 0.9606545708330906 0.41259038726560926 0.07711746173783696 0.22227988125128267
4.0 0.8237149967621853 0.21687608611613532 0.2146962846525199 0.17598645353213477
9.0 0.3988390231192823 0.4900466334650901 0.2929200452594303 0.3021965369610585
6.0 0.6321041810785578 0.434992824212298 0.30677272326666216 0.4515320857856844
5.0 0.6806099974696339 0.6550949770518986 0.22536296406919765 0.13255398654620743
8.0 0.851535745145892 0.4500039129120973 0.21492687035560698 0.324895343314933
