0.0 0.3700000047683716 0.3205980062484741 0.2475000023841858 0.11295700073242188
1.0 0.153438001871109 0.5278239846229553 0.046875 0.43936896324157715
2.0 0.3515619859099388 0.7159469723701477 0.2043749839067459 0.07142901420593262
3.0 0.8971880078315735 0.6000829786062241 0.03312504291534424 0.20681098103523254
4.0 0.8053119778633118 0.3783220052719116 0.19312500953674316 0.12541496753692627
5.0 0.5928120017051697 0.722590982913971 0.19812500476837158 0.08803999423980713
6.0 0.5818750262260437 0.507889986038208 0.23874998092651367 0.37292397022247314
7.0 0.06437499821186066 0.4871260076761246 0.0949999988079071 0.10382100939750671
8.0 0.7890620231628418 0.6088039875030518 0.1656249761581421 0.24252498149871826
9.0 0.37656301259994507 0.48297302424907684 0.2318750023841858 0.2184390127658844
