0.0 0.3515663420802605 0.3986876814440144 0.2778813577847863 0.18446900387688514
1.0 0.20133056240998365 0.6827270937919707 0.1525890545683424 0.5852864232518324
2.0 0.4278051619419049 0.8193843305558883 0.2335201170831535 0.13227119378606134
3.0 0.954731519436217 0.4537353344761496 0.0738983979568657 0.22222775391907568
4.0 0.8064538658919644 0.27849240143622056 0.21216803855872568 0.17266225235444305
5.0 0.6813814735500976 0.7197842638891363 0.22343002400986411 0.1366682049041832
6.0 0.6256083883511236 0.4979788450855266 0.3280899800758956 0.47222503036224833
7.0 0.057954007439354555 0.668203354811043 0.10315441134566408 0.16532523116764186
8.0 0.8419900128915956 0.4896639483494097 0.22109072432757648 0.3300335180855266
9.0 0.3919585955453373 0.5673143871944637 0.27822666652010963 0.31017998248424833
