0.0 0.3873718775655022 0.39686592128505643 0.25649634384329373 0.11145730196724057
1.0 0.14628370114039213 0.5970317473101545 0.08058378837980737 0.587103417496239
2.0 0.35923522908792 0.8215652802662139 0.22541774734951167 0.08115583342030142
3.0 0.9320112084136036 0.6850087571991545 0.04699951326300289 0.2117256910316464
4.0 0.8272494413241298 0.46265899231379826 0.19507169837157612 0.13196093495858613
5.0 0.6240648457997471 0.8272530117167065 0.21740292070748046 0.08307413690335974
6.0 0.6140086723191744 0.5920023143198494 0.2639563957758595 0.4089091436990765
7.0 0.05241316698980317 0.5379039027618155 0.10482633397960633 0.14080370674223736
8.0 0.8192561747121142 0.6795936766539623 0.17350804631508465 0.27849852639203876
9.0 0.3897988642951067 0.5721136618038644 0.25457525798015884 0.2511016297966731
