0.0 0.47560919022660464 0.28800301898152103 0.23884945811701336 0.13500311119973335
1.0 0.29229722623624893 0.46067069527940596 0.08131861197183299 0.533919631005936
2.0 0.435641531210615 0.671129506924852 0.20659515315226246 0.09361167488866384
3.0 0.9493679477104173 0.5823343630018907 0.050543273176619 0.18926045738177044
4.0 0.8718996400193113 0.36973644195817923 0.17823276321160553 0.12947119621832404
5.0 0.6726374819140246 0.6829608424953391 0.1997607376850855 0.09261995766997133
6.0 0.6776914869881454 0.47607144219077435 0.2534176168571435 0.37207148307837
7.0 0.16100243860756228 0.3981722832976039 0.09888756386018538 0.13508995683577651
8.0 0.8563183154183871 0.5746807971241392 0.16767029407565726 0.26988970710624505
9.0 0.4726998566575821 0.44966857593379467 0.22800141004759134 0.23459070863497933
