1.0 0.16062499582767487 0.5585549920797348 0.03999999165534973 0.6004979908466339
7.0 0.06624999642372131 0.5274090319871902 0.0949999988079071 0.1528240144252777
9.0 0.409061998128891 0.5195180326700211 0.22562497854232788 0.2201000154018402
2.0 0.387813001871109 0.7628740072250366 0.21312499046325684 0.06395304203033447
0.0 0.40031298995018005 0.35257500410079956 0.25187498331069946 0.10382097959518433
4.0 0.8496879935264587 0.3907809853553772 0.19937503337860107 0.11544901132583618
3.0 0.9409369826316833 0.6117110252380371 0.030624985694885254 0.20515000820159912
8.0 0.8299999833106995 0.6166939735412598 0.16875004768371582 0.27823901176452637
5.0 0.637499988079071 0.7475079894065857 0.20000004768371582 0.06478404998779297
6.0 0.6231250166893005 0.5265780091285706 0.24625003337860107 0.37541496753692627
