0.0 0.37812499701976776 0.4081000089645386 0.2515629827976227 0.1059190034866333
1.0 0.15039099752902985 0.6401870399713516 0.03203099966049194 0.5825550258159637
2.0 0.3671880066394806 0.823468029499054 0.22499996423721313 0.07061302661895752
3.0 0.9550780057907104 0.6458979845046997 0.0351560115814209 0.22429895401000977
4.0 0.8394529819488525 0.41744500398635864 0.21171903610229492 0.14745599031448364
5.0 0.628125011920929 0.8094499707221985 0.2124999761581421 0.08411204814910889
6.0 0.6113280057907104 0.5778819918632507 0.2398439645767212 0.38110101222991943
7.0 0.05624999850988388 0.60903400182724 0.11093699932098389 0.12980306148529053
8.0 0.8374999761581421 0.6510900259017944 0.19218802452087402 0.30114197731018066
9.0 0.3839840143918991 0.5758050084114075 0.24765601754188538 0.22533702850341797
