1.0 0.19468800723552704 0.5980070233345032 0.03937500715255737 0.6046509742736816
8.0 0.049063002690672874 0.5589699745178223 0.09562500193715096 0.17607998847961426
9.0 0.4012500047683716 0.5465120077133179 0.24500000476837158 0.23920297622680664
2.0 0.3815630078315735 0.8035709857940674 0.22562497854232788 0.06063103675842285
0.0 0.3943749964237213 0.37292400002479553 0.2537500262260437 0.09966802597045898
4.0 0.8459380269050598 0.3961789906024933 0.18312501907348633 0.1179400086402893
3.0 0.942812979221344 0.6212620139122009 0.030624985694885254 0.20930194854736328
8.0 0.8456249833106995 0.6324750185012817 0.17499995231628418 0.283223032951355
6.0 0.630312979221344 0.5535709857940674 0.25312507152557373 0.3961789608001709
5.0 0.645937979221344 0.7836380004882812 0.20687496662139893 0.06561493873596191
