0.0 0.39531299471855164 0.401868999004364 0.27031296491622925 0.11007297039031982
1.0 0.18710899353027344 0.6266869902610779 0.039844006299972534 0.6303219795227051
2.0 0.39023399353027344 0.8452749848365784 0.2445310354232788 0.07269001007080078
3.0 0.9644529819488525 0.6645900011062622 0.02890598773956299 0.22014498710632324
5.0 0.6589840054512024 0.8271030187606812 0.21953094005584717 0.07788205146789551
4.0 0.872655987739563 0.4376949965953827 0.1953120231628418 0.12980300188064575
6.0 0.6523439884185791 0.5877469778060913 0.25 0.41536903381347656
7.0 0.06367200240492821 0.6105920076370239 0.12578100711107254 0.14537906646728516
8.0 0.8613280057907104 0.6682239770889282 0.169530987739563 0.2938730716705322
9.0 0.4101560115814209 0.5768430233001709 0.254688024520874 0.26064395904541016
