0.0 0.3996870070695877 0.3426080048084259 0.25312504172325134 0.10548198223114014
1.0 0.24124999344348907 0.5527409762144089 0.058750003576278687 0.5340529978275299
2.0 0.3956250101327896 0.7358800172805786 0.21125003695487976 0.06478404998779297
3.0 0.9184380173683167 0.5523260235786438 0.04562497138977051 0.2142859697341919
4.0 0.8209369778633118 0.3480069935321808 0.18187499046325684 0.12458497285842896
5.0 0.6424999833106995 0.7097179889678955 0.20249998569488525 0.06395304203033447
6.0 0.6278120279312134 0.4975079894065857 0.24312496185302734 0.3571430444717407
7.0 0.0978119969367981 0.5257480144500732 0.10687500238418579 0.132889986038208
8.0 0.8234379887580872 0.5602160096168518 0.15562498569488525 0.2715950012207031
9.0 0.41187500953674316 0.4975079894065857 0.22249996662139893 0.22425198554992676
