1.0 0.14924218167185785 0.535883201025602 0.10296526443070182 0.6056739522144576
7.0 0.052234212206255536 0.48494255805411723 0.10446842441251107 0.1765580619927884
0.0 0.4051071506092428 0.3550921545931006 0.26788671447685675 0.1473822670958846
9.0 0.3953194384193275 0.5297030792308899 0.26753258830199567 0.28742067934938736
2.0 0.36029791199565747 0.7724117528974086 0.22845915697088204 0.09928808819416013
5.0 0.6236037172112001 0.8060507494951108 0.21918499431491778 0.10416838756116564
6.0 0.6295172727374321 0.5742401803088452 0.29765282827633405 0.43999875235905644
4.0 0.8615587284003035 0.45676519412353156 0.19503581225016553 0.1502170031160433
3.0 0.9409603051412094 0.6990867493064048 0.054500144201647505 0.21508532123806834
8.0 0.838375887848715 0.694394507953408 0.20278551819705282 0.3046097640026424
