0.0 0.33595199460345826 0.4107858747038302 0.28123226585638417 0.1911963105100436
1.0 0.1721076562991314 0.6928051083276399 0.13394463659964834 0.6076469388691548
2.0 0.40580757170083315 0.8412016293015152 0.2349246869123131 0.12438593530541509
3.0 0.9124997578369385 0.5160635806104653 0.05962043278385576 0.2202488461481067
4.0 0.7902611992927764 0.3286417933799602 0.20040421934511077 0.15956499107459254
5.0 0.647496314396499 0.7608970804353721 0.20640665929409696 0.12339080509352107
6.0 0.6009094737329974 0.5376710422064146 0.297146488220584 0.4607761448311386
7.0 0.05619354883876363 0.6746103080807517 0.09579842396319276 0.1556422617167994
8.0 0.8099272263403974 0.543939311697051 0.21059978939425028 0.32006353330149295
9.0 0.3814738193530217 0.5848074032477495 0.275712172432893 0.3084055851140526
