1.0 0.20874999463558197 0.5290700197219849 0.03874999284744263 0.566444993019104
7.0 0.06343699991703033 0.4975080043077469 0.11187499761581421 0.15614601969718933
9.0 0.40468698740005493 0.49709299206733704 0.23937499523162842 0.22674399614334106
0.0 0.39656202495098114 0.33347201347351074 0.25062504410743713 0.1004980206489563
6.0 0.6190620064735413 0.5053989887237549 0.24562501907348633 0.37458503246307373
5.0 0.6309379935264587 0.7267439961433411 0.19812500476837158 0.06478404998779297
2.0 0.38593700528144836 0.7350500226020813 0.20812499523162842 0.05315601825714111
3.0 0.9215620160102844 0.5892860442399979 0.02812504768371582 0.2018270194530487
8.0 0.8240630030632019 0.5988370180130005 0.16062498092651367 0.2624579668045044
4.0 0.8346880078315735 0.3712620139122009 0.17687499523162842 0.11129599809646606
