9.0 0.43349057678828407 0.361545064741414 0.2558259854910277 0.24533681850238287
0.0 0.42184825092374423 0.1927352046700526 0.2570021304432905 0.12019068939545191
1.0 0.23080487286201445 0.40103310322606506 0.06026833832152645 0.5773043133654664
2.0 0.39729490972334036 0.6038259623599191 0.22025440595008222 0.07376200722233495
3.0 0.9662890655950878 0.4599170903448273 0.0492498284638464 0.21862179075689675
4.0 0.8767144317692573 0.23274910201214627 0.19743875256209398 0.13326208259394082
5.0 0.6612111294595527 0.6032451209754589 0.2241716076000113 0.08057194162648962
6.0 0.6535385774542943 0.3768569098506136 0.27173732735785416 0.4044182403820698
7.0 0.09540669191993584 0.3646020779807807 0.11437180855321039 0.15439529660898194
8.0 0.8540384238971112 0.4598487996180088 0.17008044763987762 0.28376140958080465
