1.0 0.16526993383901672 0.6151646008873577 0.12585108464410105 0.5456828023428655
7.0 0.06380917685644662 0.5676905231667391 0.12761835371289323 0.18361769917937154
9.0 0.3975630568009001 0.650453263084327 0.27378047665591404 0.29456252741402067
2.0 0.3431502897711311 0.8581276202940655 0.21001575186425633 0.11852173736997562
0.0 0.41330531291935957 0.48619866119283484 0.2530144225803113 0.16747731033635677
4.0 0.8278150124399368 0.626170682417801 0.18727704857183813 0.15567990135280063
3.0 0.8955873695363725 0.8441323526376947 0.06520800797697324 0.20188692911142547
8.0 0.7877042757376984 0.836385443467284 0.18730899806960444 0.28354796519963266
5.0 0.5871219805476229 0.9173038996143121 0.19517454978579413 0.11643045855297018
6.0 0.6057066234785209 0.7113415266785084 0.2954344340171922 0.430384529176375
