4.0 0.13512112773008386 0.6111960615858456 0.17276366474325722 0.13243653036645975
6.0 0.32979846219213954 0.5305880286052995 0.25128769093914616 0.37210309739814634
0.0 0.5258222932361101 0.7238169371288112 0.23922961277353305 0.1388802949546517
1.0 0.7146512984606357 0.5630071029536692 0.0926499789776285 0.516578281191099
7.0 0.8376885082143699 0.6252624254631952 0.09909481667268205 0.15736303084142245
8.0 0.1579440431874034 0.4095586483841125 0.17635646362672092 0.26697547052064574
3.0 0.0702020493885624 0.41086320151635974 0.05312511293164731 0.18717726822250114
2.0 0.5708284536599385 0.3641137068184195 0.20785109417253378 0.09718121364032706
9.0 0.5309208919323258 0.5685443407090723 0.22983356173355596 0.23950419876781764
5.0 0.3474443403814472 0.3245256002929141 0.19403280398515504 0.10796318644472247
