0.0 0.4153823124537172 0.43424257617608136 0.2692875181272433 0.16046638328919516
1.0 0.2020926884794666 0.6035332210762663 0.11625851924998179 0.5324060422588208
2.0 0.35502134449512923 0.838528305490855 0.2513564981493351 0.11688551720480789
3.0 0.9592800330711102 0.755922062793478 0.06282389098222552 0.24775976355310347
4.0 0.8769428176099322 0.5403154726978194 0.22343680342744032 0.17491769537236945
5.0 0.6317131541861195 0.8810861772452944 0.22127890343738366 0.12896685857172563
6.0 0.6477013736976667 0.658721052462505 0.29530353524371333 0.43739002119081155
7.0 0.0507055075738832 0.5583058139637462 0.1014110151477664 0.16628686437873108
8.0 0.8478316450247794 0.7599164808796961 0.20457996390867972 0.3266747693578732
9.0 0.39848408257798257 0.5967763896867028 0.2996587389431141 0.2932846286089336
