0.0 0.39587393237994395 0.3658168611018294 0.27560442633081955 0.13205183715747604
1.0 0.11849362464095811 0.5701690537446656 0.08097977386271626 0.6407277576155921
2.0 0.3553423416356508 0.8012367253172651 0.2300807094001795 0.09235614026097738
3.0 0.9328843162816072 0.6789917721257333 0.04731610180478818 0.21464631925280464
4.0 0.8462364152188211 0.45110453690291585 0.1888439953632277 0.13385579571183576
5.0 0.629613105848916 0.8159866547320875 0.22303652474227464 0.0999431301473025
6.0 0.6274015793103105 0.5730762249545547 0.27737397016709864 0.4240718379931075
7.0 0.046405042393282414 0.5057921302583057 0.09281008478656483 0.1492208962335278
8.0 0.8320138246422519 0.6670883712611835 0.16944941579244344 0.2952874966277229
9.0 0.39310314844547467 0.5429034236635132 0.2520537513432306 0.26176745619814584
