1.0 0.1922856684424864 0.5205154165556951 0.127528529748593 0.5829101625623682
7.0 0.05917544181081597 0.4555119983356827 0.11835088362163194 0.18152385711243185
9.0 0.398772565432712 0.5382824584358495 0.2678953154359424 0.28861253355259103
2.0 0.3476446681228817 0.769827055535079 0.2174326138804594 0.10879718750793432
0.0 0.41277406025122704 0.37000435473935434 0.26349029771210153 0.16417115555359912
4.0 0.8512351497724253 0.5222064576027672 0.20314502232004772 0.16109292876819564
3.0 0.9093162616692498 0.7549266616374525 0.05421761770661537 0.20813434957126553
8.0 0.7996477055244883 0.7421842508148244 0.20015674092829583 0.31005415062073227
5.0 0.590910429071039 0.8306101423876697 0.20815604987245406 0.11720630126021458
6.0 0.6100335333597727 0.6039606829100206 0.3016290656130296 0.43971706278935957
