0.0 0.34971459718229525 0.43790209614664366 0.25152731135531015 0.1178094377921925
1.0 0.139768457588828 0.6607422056306914 0.06177940904997892 0.5634845195031268
2.0 0.3529402056616276 0.843458195884337 0.22200515955211117 0.08864002202849386
3.0 0.8995410720381534 0.6285885926816901 0.051352935945211176 0.23744147674497484
4.0 0.7977491044698742 0.42847769132225305 0.18892556771282387 0.1443685733641732
6.0 0.5925384294905602 0.583602398505054 0.25700287368237296 0.396989753341577
5.0 0.6125273801241096 0.8129240814503065 0.21706444076786846 0.07703770684885491
8.0 0.7885298483265992 0.6449294399752451 0.17793875448663088 0.2808223789153581
9.0 0.37207282500039496 0.5985636003468884 0.23096037819624154 0.2445514030397331
7.0 0.04319376690101209 0.6411908996239917 0.08208053609747218 0.14636067303277256
