0.0 0.4000000059604645 0.3226740062236786 0.2462499737739563 0.10548198223114014
1.0 0.20406299829483032 0.527409017086029 0.03937500715255737 0.5598009824752808
2.0 0.39218801259994507 0.7250829935073853 0.2093750238418579 0.056478023529052734
3.0 0.9353119730949402 0.5739200115203857 0.03312504291534424 0.21594703197479248
4.0 0.840624988079071 0.35963499546051025 0.1875 0.1162790060043335
5.0 0.6356250047683716 0.7159469723701477 0.19875001907348633 0.07308995723724365
7.0 0.06843700259923935 0.4962620139122009 0.11312499642372131 0.1519930362701416
9.0 0.41218701004981995 0.48380398750305176 0.2318750023841858 0.22176098823547363
6.0 0.628125011920929 0.4975079894065857 0.23374998569488525 0.37209296226501465
8.0 0.8296880125999451 0.5755809992551804 0.17562496662139893 0.29069796204566956
