1.0 0.1743749976158142 0.5215950012207031 0.04249998927116394 0.5631229877471924
7.0 0.06156200170516968 0.48214302957057953 0.09187500178813934 0.15365400910377502
9.0 0.3903129994869232 0.46179400384426117 0.21687501668930054 0.22425201535224915
2.0 0.3728120028972626 0.6951829791069031 0.20187503099441528 0.06478404998779297
0.0 0.37968799471855164 0.30191001296043396 0.24312502145767212 0.09883701801300049
6.0 0.6025000214576721 0.4642859995365143 0.23874998092651367 0.3720930218696594
5.0 0.6168749928474426 0.6760799884796143 0.1937500238418579 0.066444993019104
3.0 0.8981249928474426 0.5215950012207031 0.026250004768371582 0.19103002548217773
8.0 0.8046879768371582 0.5419440418481827 0.16687500476837158 0.2516610324382782
4.0 0.8037499785423279 0.3218440115451813 0.17250001430511475 0.11046499013900757
