0.0 0.38218799233436584 0.2952660024166107 0.28437501192092896 0.10714298486709595
1.0 0.14406299591064453 0.5485879629850388 0.050624996423721313 0.5755809843540192
2.0 0.3684369847178459 0.722590982913971 0.2593749910593033 0.08305597305297852
3.0 0.9756249785423279 0.5240859985351562 0.04875004291534424 0.2508310079574585
4.0 0.8700000047683716 0.2998340129852295 0.20124995708465576 0.1312289834022522
5.0 0.6587499976158142 0.708886981010437 0.24000000953674316 0.08056497573852539
6.0 0.6487500071525574 0.45764101296663284 0.2849999666213989 0.4202660173177719
8.0 0.8650000095367432 0.5390369892120361 0.16624999046325684 0.3139530420303345
7.0 0.048124998807907104 0.4771589934825897 0.0949999988079071 0.16362100839614868
9.0 0.39250002801418304 0.460547998547554 0.2500000298023224 0.25332197546958923
