1.0 0.24361673906144377 0.5645193564986735 0.0942614923340076 0.5765063278409281
7.0 0.09975439956677173 0.5525037181333388 0.11956638918682738 0.16810107150667242
2.0 0.43671317214299826 0.7125129648496269 0.20994687672446022 0.09765210075279729
0.0 0.408565869424754 0.3164677915386998 0.2525421276393579 0.14504830595632032
4.0 0.8403823454138687 0.25813606167179304 0.19739490761382372 0.15181075208821618
3.0 0.9628821661895661 0.44306125488050896 0.053861577376630665 0.21325381787812114
8.0 0.8627078112460596 0.4837749704708544 0.20472319707482256 0.30322657099222244
5.0 0.6863997753391337 0.6563576222242725 0.20516649513466412 0.09838303332380316
6.0 0.6450475607865538 0.4388439682203277 0.2765870039799816 0.41572753367227233
9.0 0.43496363508575187 0.4784638277262983 0.24721364996435619 0.26831042810378014
