0.0 0.39804173126770065 0.3843694832885052 0.2646932747025482 0.1287022203723684
1.0 0.17580577621682947 0.6189948577939043 0.06252279344234102 0.6083333305692828
2.0 0.41160120328088523 0.7910352749664964 0.2230175246018875 0.07429308160115466
3.0 0.961787345287126 0.584281944166408 0.04783933342139868 0.22451204938966873
4.0 0.8580825551015517 0.37727732911441103 0.19580642469023268 0.1398150014455249
5.0 0.6607334080479339 0.7698915063516294 0.2148092619616645 0.08411667359620567
6.0 0.6437372038620213 0.549019465859444 0.2539582435111908 0.41258816857884945
7.0 0.0729136278251166 0.5855551902860151 0.10867973942491421 0.1632134498011244
8.0 0.8572630567713552 0.6029278550001749 0.19419465786047518 0.2887254095527326
9.0 0.41505351952630204 0.5517005571850124 0.24244575800638135 0.24524707846936783
