0.0 0.4519529938697815 0.4091379940509796 0.221094012260437 0.09968799352645874
1.0 0.24960899353027344 0.5960540026426315 0.04453098773956299 0.5005189478397369
2.0 0.44335898756980896 0.7720659971237183 0.19453102350234985 0.06126701831817627
3.0 0.942969024181366 0.6116300225257874 0.0390620231628418 0.20768404006958008
4.0 0.8511719703674316 0.42886799573898315 0.17890596389770508 0.1204569935798645
5.0 0.6714839935302734 0.759086012840271 0.19609403610229492 0.06022799015045166
6.0 0.6648439764976501 0.5576320290565491 0.22968697547912598 0.3406020402908325
7.0 0.16445299610495567 0.5758050084114075 0.1054689958691597 0.12980306148529053
8.0 0.8523439764976501 0.6199380159378052 0.1499999761581421 0.25752902030944824
9.0 0.4621089994907379 0.5560749769210815 0.22734397649765015 0.19833898544311523
