4.0 0.13080432377836806 0.5822703613043074 0.17541176717637924 0.14398770669652783
6.0 0.3287336720983959 0.5171327233374828 0.26353328984212165 0.3852208494301171
0.0 0.5157976738065817 0.7254569431675416 0.24081488730657175 0.155788968621712
1.0 0.7114648991552917 0.5797979172417753 0.11490868442834368 0.51362802383443
7.0 0.8315101864194083 0.6516317375576549 0.1044207704421839 0.16231791697898879
8.0 0.1625774824315835 0.38278426867282866 0.18522320142143078 0.276062005090872
3.0 0.07493147747010397 0.3771777789204741 0.06078899690975689 0.18772335482804775
2.0 0.5767627320587276 0.36992943549484303 0.20813014432843802 0.11235404536352844
9.0 0.5278104028579652 0.5708586067924579 0.23631786166270624 0.25357151708264614
5.0 0.35553618574771817 0.31282175318825345 0.19509974433091243 0.12177339842076218
