0.0 0.40500920000791146 0.300530769710729 0.2670926727201416 0.18583001100599209
1.0 0.21520096835995658 0.5553863030142858 0.10691514274347652 0.5783149139783113
2.0 0.43625753538250256 0.7135750172177435 0.23071697352312487 0.1381806981901771
3.0 0.9670481588383416 0.4764294969395687 0.0588878268258759 0.23632216353929314
4.0 0.8488852169083001 0.2683879570404887 0.21617362238169024 0.15750781218838422
5.0 0.6761079390782065 0.6659783209106064 0.2383581313446328 0.15178672990782416
6.0 0.6459424998377346 0.44233769195812406 0.29471023994760037 0.44755111071631315
7.0 0.10540908995085295 0.520916362179668 0.13838094428270012 0.17630233402126705
9.0 0.4153591099174716 0.46948144977131967 0.27318476860082114 0.28227781038517263
8.0 0.8643448023407065 0.48545695822041146 0.21772807438344188 0.3369667835390105
