1.0 0.15406200289726257 0.5909469574689865 0.036875009536743164 0.590531975030899
7.0 0.05000000074505806 0.5544019788503647 0.09875000268220901 0.1636209785938263
9.0 0.39781300723552704 0.5357139706611633 0.24437502026557922 0.23920297622680664
2.0 0.38187500834465027 0.7794849872589111 0.21999996900558472 0.06229197978973389
0.0 0.3856250047683716 0.36835500597953796 0.2549999952316284 0.09551501274108887
4.0 0.8368750214576721 0.3916110098361969 0.1875 0.1187710165977478
3.0 0.9365620017051697 0.5946840047836304 0.031875014305114746 0.20764100551605225
8.0 0.8293750286102295 0.6216779798269272 0.17250001430511475 0.27657797932624817
6.0 0.6206250190734863 0.5406980067491531 0.2549999952316284 0.3853820264339447
5.0 0.6343749761581421 0.767441987991333 0.20624995231628418 0.06976699829101562
