0.0 0.3435083600662724 0.40154895220952525 0.2790039189608814 0.1376099930452403
1.0 0.07897154576333025 0.5933520027881312 0.0938901201952432 0.5185031130655193
2.0 0.29910400969944734 0.8324624342472835 0.2362671041569778 0.09621355718880753
3.0 0.904104186686909 0.738845905154385 0.051789298492100455 0.21473072931163328
4.0 0.8141775382445421 0.4994282316274292 0.20406156447064427 0.14360075017521318
5.0 0.5636173451369543 0.8429024615333036 0.2149403325595718 0.09060239298153883
6.0 0.5696231035471304 0.6143856185290403 0.29480521670099025 0.4276948940703058
7.0 0.020900027386066986 0.5200624089489448 0.04180005477213397 0.1478758236729492
8.0 0.7886099536485123 0.7175191518991881 0.20579940483001657 0.31748012895387345
9.0 0.3245175532582621 0.5750687325829182 0.2839029516573569 0.2834290978562766
