0.0 0.40468698740005493 0.1424420028924942 0.2331249713897705 0.10382100939750671
1.0 0.2315629944205284 0.34302298724651337 0.04312498867511749 0.5099669992923737
2.0 0.4025000184774399 0.5207639932632446 0.19750002026557922 0.06312298774719238
3.0 0.9225000143051147 0.3480069935321808 0.03624999523162842 0.20265799760818481
4.0 0.817812979221344 0.15489999949932098 0.18437504768371582 0.12541499733924866
5.0 0.635312020778656 0.5066450238227844 0.19187498092651367 0.06312298774719238
6.0 0.6231250166893005 0.2981730177998543 0.22749996185302734 0.3521590083837509
7.0 0.09562500193715096 0.28986701369285583 0.10625001043081284 0.14451801776885986
8.0 0.817812979221344 0.3617110028862953 0.1656249761581421 0.25664500892162323
9.0 0.4153119921684265 0.29318898916244507 0.2331249713897705 0.22591400146484375
