0.0 0.4584370106458664 0.41113001108169556 0.22312501072883606 0.09136199951171875
1.0 0.24781199544668198 0.6092190146446228 0.038124993443489075 0.39119601249694824
2.0 0.4440630078315735 0.7711790204048157 0.19312500953674316 0.06063103675842285
3.0 0.9287499785423279 0.6499170064926147 0.04250001907348633 0.19185996055603027
4.0 0.8496879935264587 0.45390400290489197 0.16812503337860107 0.10714298486709595
5.0 0.6706249713897705 0.7736709713935852 0.18375003337860107 0.07392001152038574
6.0 0.6587499976158142 0.5759970098733902 0.2250000238418579 0.34302303194999695
7.0 0.1681250035762787 0.5693519711494446 0.09125000238418579 0.09883701801300049
8.0 0.8424999713897705 0.6615449786186218 0.1549999713897705 0.24335503578186035
9.0 0.46312499046325684 0.5589699745178223 0.20375001430511475 0.21262502670288086
