0.0 0.38320299983024597 0.4091379940509796 0.25078099966049194 0.101764976978302
1.0 0.20117199420928955 0.6251299828290939 0.0429689884185791 0.5690549910068512
2.0 0.3792969882488251 0.8141229748725891 0.21953099966049194 0.058151960372924805
3.0 0.9375 0.6453790068626404 0.04062497615814209 0.21495306491851807
8.0 0.8296880125999451 0.6640710234642029 0.17499995231628418 0.2938729524612427
5.0 0.6253910064697266 0.808929979801178 0.21796894073486328 0.0768430233001709
4.0 0.8320310115814209 0.42834898829460144 0.203125 0.1277260184288025
6.0 0.6156250238418579 0.5846310257911682 0.2437499761581421 0.3904470205307007
7.0 0.053905999287962914 0.5976120233535767 0.10312499478459358 0.1360330581665039
9.0 0.39531299471855164 0.5768430233001709 0.23906296491622925 0.22533702850341797
