0.0 0.3616490498711773 0.30081780489584703 0.2727494587229377 0.17506762830667066
1.0 0.19007565605291973 0.5753988930900451 0.13075559019767963 0.5795581298615443
2.0 0.4285499969430893 0.7103230680249938 0.23290858987419216 0.12599978666805
3.0 0.9232162964131312 0.37327931659005253 0.07678521109025027 0.2157664969345482
4.0 0.7910094251480624 0.20760722266835566 0.19523334956767535 0.1780281708415244
5.0 0.6648634874549166 0.6190094846890816 0.21333630738078024 0.12454485858973041
6.0 0.6238305320687383 0.40339855811801373 0.28206197555914936 0.424588579323288
7.0 0.06611846785321657 0.5840577001098662 0.13223693570643313 0.1722037600901764
8.0 0.8344291174930285 0.42214202830895864 0.19752134182125258 0.30642665959966675
9.0 0.3929920160874188 0.4703207656149973 0.2615344894423214 0.2919833210944104
