0.0 0.38223187230994504 0.3705814594168797 0.2708102677567011 0.15573331413177632
1.0 0.13192912189124575 0.5492386794636082 0.09910432364230226 0.5792993164534123
2.0 0.35742728214495156 0.7789108994828371 0.23343389465248066 0.09937358201140156
3.0 0.9369166303488436 0.6724835698138381 0.05461764069976438 0.23101230271454798
4.0 0.8466339641470062 0.43551267562426144 0.2095236928073504 0.15347964667822894
5.0 0.6136761273571807 0.8055435062626506 0.22265202182644173 0.10031111471746545
6.0 0.6169251082965521 0.5704818538033007 0.2866580261230339 0.4382786885275712
7.0 0.052151137210312795 0.5286318883888748 0.10430227442062559 0.15968249295652626
8.0 0.8270957900658688 0.6610696051847964 0.19584052417346975 0.3156576803771446
9.0 0.3810727410379986 0.5501347509697825 0.2604357787226465 0.26886667962956123
