1.0 0.17103958175868605 0.6635368021479681 0.1464929209816666 0.5823740902260075
0.0 0.37549739770958857 0.3857799010125913 0.27813633487119693 0.18357091850554358
2.0 0.43680538070849595 0.7957096941964783 0.22191801258439198 0.1219725285653046
3.0 0.9459837897351342 0.47425922025630596 0.06144150637083545 0.2058884874780213
4.0 0.8294463623200927 0.28902734964866605 0.20993755475351894 0.16973179789492968
5.0 0.6827207984525117 0.7102593288453332 0.20634173859912297 0.1287434058388176
6.0 0.6321613871576789 0.4930302744790681 0.30812305707242316 0.44817337839524485
8.0 0.8467133978948399 0.5121225371944037 0.20315169141034706 0.3180414697402644
9.0 0.415773302935888 0.5507547570808081 0.2728561555954401 0.2970468630895013
7.0 0.06791273380057405 0.6603969040553059 0.11422638106199179 0.18051406589262353
