1.0 0.12078465397595256 0.6618583718398157 0.13261245234997743 0.6029607168205703
7.0 0.0450695857155822 0.6458804281653026 0.0873396029254854 0.17748430542650906
9.0 0.3701725898800113 0.5392111625068381 0.2862194542346862 0.31510115369166564
2.0 0.3914379319025304 0.7900621829360792 0.23140330397929204 0.12197716854359986
5.0 0.6572133358786758 0.7039676094854812 0.2237920663379538 0.12913673452186436
8.0 0.8404527229029204 0.49131382947189267 0.22450402518817303 0.33801046957789815
3.0 0.9336331291039803 0.4526875533551845 0.07190329771223958 0.2196692533680355
4.0 0.7868089564245311 0.2657399023813122 0.20503923912694821 0.1688337399139579
6.0 0.6042468340103676 0.4786266707499476 0.32868604623598735 0.4675015139472582
0.0 0.33280340328177876 0.3714504328767517 0.2773387861652865 0.1683066719448622
