0.0 0.4021870046854019 0.35963499546051025 0.2368750274181366 0.09634602069854736
1.0 0.18406200408935547 0.5556480288505554 0.03812500834465027 0.5531560182571411
2.0 0.38374999165534973 0.7441859841346741 0.20999997854232788 0.056478023529052734
3.0 0.900937020778656 0.5984219908714294 0.031875014305114746 0.19185996055603027
4.0 0.8096879720687866 0.4003320038318634 0.171875 0.10465097427368164
5.0 0.6278120279312134 0.7416939735412598 0.19562506675720215 0.07142901420593262
6.0 0.611563041806221 0.525331974029541 0.23187503218650818 0.349668025970459
7.0 0.08281200006604195 0.5049830079078674 0.09312500804662704 0.11960101127624512
8.0 0.8059369921684265 0.5926079601049423 0.14562499523162842 0.25498297810554504
9.0 0.4025000035762787 0.5170270204544067 0.2149999737739563 0.21179401874542236
