0.0 0.42117624442440055 0.31524443460174845 0.27599015895177736 0.1509366164086927
7.0 0.06565084312795823 0.45144563411521377 0.11689710267760181 0.1713321210563632
1.0 0.20856162623243388 0.5108274945722469 0.0950070889259313 0.6036933281886884
2.0 0.3683302389242029 0.7405748330697761 0.22290189885040296 0.09782730681375729
5.0 0.6378002662174733 0.7747885916851034 0.2223985500817749 0.10587899252875144
6.0 0.6460715330025792 0.5381351246740855 0.28969966166035577 0.4409379202911872
2.0 0.9606935068442228 0.6656336632610097 0.06280754210685469 0.21644984436018566
4.0 0.8880394815423631 0.42246655602285704 0.20831133667841129 0.1467473834338069
8.0 0.8573528135043168 0.6564141468842777 0.20032770466775562 0.3105447956212496
9.0 0.4156247718504137 0.4933602278361634 0.26388741152705325 0.2823715062472591
