1.0 0.15945801565600082 0.4549725973533816 0.1412242102407938 0.5969483777045759
7.0 0.07283546674986736 0.3962524483374674 0.11856055015979038 0.177429380732869
9.0 0.4080974416646074 0.4916630689035984 0.25725341373969424 0.2822440006421759
2.0 0.34595735227007623 0.7223150791044417 0.2184866309931525 0.12638883187518213
0.0 0.42800502380903444 0.3264200005245499 0.26302062519707603 0.17687607538359743
4.0 0.8592152596018262 0.4987793113695049 0.21386291931762536 0.17241365624062743
3.0 0.9104735673115887 0.7414197178401313 0.06476653517060871 0.20903777293123849
8.0 0.8015661165192589 0.712910320762005 0.21175482764532194 0.32177015072391035
5.0 0.5917832835094261 0.7824382981692106 0.20584371508853866 0.12325109976927628
6.0 0.6154045835634983 0.562916955830314 0.30379277931319837 0.439732257403764
