0.0 0.4153119921684265 0.3363789916038513 0.2606250047683716 0.10963499546051025
1.0 0.2240619957447052 0.5577240139245987 0.048124998807907104 0.5755810439586639
7.0 0.09000000171363354 0.5224249958992004 0.10374999418854713 0.13787400722503662
8.0 0.862500011920929 0.5797340124845505 0.16875004768371582 0.2973419725894928
3.0 0.9649999737739563 0.5797340124845505 0.041249990463256836 0.23421898484230042
2.0 0.41093799471855164 0.7562289834022522 0.22812503576278687 0.07059800624847412
9.0 0.43187499046325684 0.5062289834022522 0.23874998092651367 0.2333890199661255
5.0 0.6631249785423279 0.7358800172805786 0.21625006198883057 0.08139503002166748
4.0 0.8656250238418579 0.35714301466941833 0.20624995231628418 0.13953500986099243
6.0 0.653124988079071 0.5091360211372375 0.2562500238418579 0.3936879634857178
