0.0 0.4944327739719432 0.38865351683584703 0.16127709847238547 0.07671650114491985
1.0 0.37661910511523256 0.5276225505386186 0.029610583343856967 0.37622380382065734
2.0 0.48340561383098557 0.6780817189511237 0.13789283338415054 0.047183714239727226
3.0 0.8443268493801499 0.5779821105884982 0.02635510880113101 0.15205383600886657
4.0 0.788135652378368 0.431244954742907 0.11581193957631641 0.09348956710769374
5.0 0.651581979474358 0.6736732775357545 0.1492687104102336 0.06152870848542191
6.0 0.6436279508916484 0.5147854647720423 0.17738818165071013 0.27109726714442267
7.0 0.28675597394569896 0.5116091475176859 0.06952051169838341 0.08775434428558065
8.0 0.7786356762692814 0.5848547583011464 0.11172933183213019 0.19590276984599608
9.0 0.49870535692819506 0.5049797580511184 0.16018508015737504 0.1641804296546634
