0.0 0.393436998128891 0.3235050141811371 0.25937503576278687 0.10382097959518433
1.0 0.19062499701976776 0.5373749732971191 0.041249990463256836 0.5830559730529785
2.0 0.3853130042552948 0.7371259927749634 0.22312498092651367 0.07225894927978516
3.0 0.934374988079071 0.5639529675245285 0.04250001907348633 0.20930197834968567
4.0 0.8353130221366882 0.3480069935321808 0.18187499046325684 0.1162790060043335
5.0 0.6431249976158142 0.7192689776420593 0.2112499475479126 0.06312298774719238
6.0 0.6228119879961014 0.4966779947280884 0.24687501788139343 0.37209296226501465
7.0 0.0709379967302084 0.49875399470329285 0.09937499836087227 0.12209302186965942
8.0 0.8271870017051697 0.5568940043449402 0.15812504291534424 0.26162803173065186
9.0 0.40062499046325684 0.49335502088069916 0.22249996662139893 0.22591403126716614
