0.0 0.37593701481819153 0.33347201347351074 0.2581250071525574 0.10215902328491211
1.0 0.15812499821186066 0.5606309622526169 0.03624999523162842 0.5797339975833893
2.0 0.37312498688697815 0.7358800172805786 0.21375000476837158 0.06976699829101562
3.0 0.9125000238418579 0.5436050444841385 0.033750057220458984 0.19850501418113708
4.0 0.8162500262260437 0.34053200483322144 0.18999993801116943 0.12292397022247314
5.0 0.6278120279312134 0.7134550213813782 0.2043750286102295 0.06810605525970459
6.0 0.6109380125999451 0.4954319894313812 0.23937499523162842 0.3779069781303406
7.0 0.05968699790537357 0.5153649896383286 0.09437499567866325 0.11877098679542542
8.0 0.8131250143051147 0.5531560182571411 0.15999996662139893 0.2541530132293701
9.0 0.3865619897842407 0.5008310079574585 0.22687500715255737 0.22923600673675537
