0.0 0.4436865117789914 0.23545133620388858 0.25604715824462565 0.176898846164399
1.0 0.20463164957406302 0.3767301277872137 0.1357029219534363 0.5534730401865129
2.0 0.3687119275348288 0.6254107318387638 0.21923438124750227 0.12797800602926324
3.0 0.9129670767472491 0.6262511514612192 0.08259311492054744 0.21371679708555702
4.0 0.8546821165120233 0.3964933148647355 0.20704108957712586 0.1761292670582258
5.0 0.6069010449949434 0.6834957813717621 0.2079963892417409 0.12294467596384495
6.0 0.6379296245142347 0.46965219141131526 0.2867912178795346 0.4225773158442515
7.0 0.10756310006519935 0.3029437553157266 0.1302571830487351 0.17433695000894914
8.0 0.8207691152436719 0.6030388811532463 0.2061186832853934 0.3141340943310119
9.0 0.42192275590042283 0.3950254399222297 0.27324748305229524 0.2938137837857649
