7.0 0.035712481526523045 0.5230389029919953 0.07142496305304609 0.18165436682420222
0.0 0.3716626970588961 0.37317523342962194 0.2755784378093 0.11299797091733921
9.0 0.370934429276202 0.5451717325929827 0.2667194706201257 0.251874574193331
2.0 0.34949721648403176 0.7918416325523083 0.23826872117158088 0.06982777521291594
1.0 0.12747660806176933 0.5763535452961532 0.06907637545938729 0.6158623952592396
4.0 0.8388685054488938 0.43124028275384596 0.19293572101037937 0.12577735925399852
3.0 0.9396578206838802 0.6552784808447871 0.0363381156519319 0.22137656439635645
8.0 0.8306485598331808 0.66272792381963 0.18091561327181516 0.31093591136226295
5.0 0.6183143450282174 0.7954848563868366 0.21352156511765774 0.07780871274640944
6.0 0.6108213351408704 0.5670134808576557 0.27610437384878905 0.39656468011531826
