0.0 0.39174915385787484 0.4193170143869457 0.2768957050039472 0.12803883819836287
1.0 0.17053051177670805 0.6436762459589833 0.05225193589761651 0.586387133104171
2.0 0.3866945460706709 0.8419044810866055 0.23663489534980342 0.08170561626390138
3.0 0.9568189756530403 0.6543629137577267 0.03898668830073926 0.24772152432748673
4.0 0.8513463347628218 0.4413161733893708 0.2013684017262295 0.1538058897984526
5.0 0.6415724502949194 0.8231938939830079 0.21619089999189012 0.06683897768532787
9.0 0.3952670107491404 0.5891687572408246 0.25539568213234637 0.2533107275103289
7.0 0.06343132306630715 0.6076682815331763 0.12394426298932318 0.1432052173211531
8.0 0.8449079561024725 0.6743550493768042 0.19076631739820127 0.2751016035317543
6.0 0.6343588663978098 0.5878572538669519 0.25823691230435464 0.39247479136874225
