1.0 0.19905263260568862 0.5877189074262906 0.05606793766126447 0.5854256326844098
7.0 0.05516487888900981 0.5539443824116295 0.11032975777801962 0.16107848715975775
9.0 0.40491468145566645 0.559957721285866 0.24407223811887052 0.2410637536050611
2.0 0.38324232850111645 0.7995403318865932 0.21502569431246943 0.06312310714481373
0.0 0.3978264794012023 0.39091630784283204 0.25621108436275625 0.1106471434377076
4.0 0.8491768879236767 0.44487263807375027 0.19287457493255322 0.12177590150832407
3.0 0.9353621111330859 0.6616641228363964 0.029191971771051817 0.2069634922234157
8.0 0.8256148588515313 0.6731478269538664 0.16961627205499863 0.27985843509819286
5.0 0.6307209181445417 0.8061394056140404 0.20409069436472793 0.07421761213183209
6.0 0.6214352194124607 0.5784037795587088 0.2593197792039243 0.39265943773447104
