1.0 0.23948842679997706 0.4801428516485589 0.08080732419922487 0.577265290462944
7.0 0.10209123674850352 0.4222151737511578 0.11642181887175354 0.16430260655986056
2.0 0.3998916904228764 0.6858407876568107 0.20930788260372823 0.08931251502504933
0.0 0.44470903889483093 0.2925167872102508 0.25109162244034305 0.1352499374818624
4.0 0.8743115120151042 0.3748007403354912 0.19531100947631586 0.1444769878262554
3.0 0.959490926166602 0.5936269261944929 0.04904536028400852 0.21270540552337602
8.0 0.8548798427099771 0.6009120245977508 0.19895829699132028 0.29685299656391545
5.0 0.6523824329221367 0.7116595071543625 0.204469018129938 0.09025831298318454
6.0 0.6518732224959475 0.4873125081555113 0.2686486643360748 0.4071678781725776
9.0 0.44081926368077096 0.45818696645303647 0.24267109119084346 0.25978675852636274
