0.0 0.4934369921684265 0.38874998688697815 0.16062498092651367 0.07416701316833496
1.0 0.37687501311302185 0.5295829772949219 0.026250004768371582 0.37583303451538086
2.0 0.48500002920627594 0.6783329844474792 0.13750001788139343 0.04499995708465576
3.0 0.8450000286102295 0.5724999904632568 0.02499997615814209 0.15166699886322021
4.0 0.7875000238418579 0.4266670048236847 0.11500000953674316 0.09166699647903442
5.0 0.653124988079071 0.6712499856948853 0.1487499475479126 0.05916702747344971
6.0 0.643750011920929 0.512499988079071 0.17499995231628418 0.26833295822143555
7.0 0.28687500953674316 0.5150000005960464 0.06875002384185791 0.0866670310497284
8.0 0.7793750166893005 0.5804169774055481 0.11000001430511475 0.19416701793670654
9.0 0.4987500011920929 0.5049999952316284 0.1587499976158142 0.16166698932647705
