0.0 0.3981249928474426 0.2736710011959076 0.25 0.11046499013900757
1.0 0.18250000476837158 0.48380398750305176 0.03999999165534973 0.583886981010437
2.0 0.38187500834465027 0.6889529824256897 0.21750003099441528 0.07225894927978516
3.0 0.9331250190734863 0.5423589944839478 0.034999966621398926 0.2142859697341919
4.0 0.8365619778633118 0.3218440115451813 0.18562495708465576 0.12209302186965942
5.0 0.6359379887580872 0.6794019937515259 0.2043750286102295 0.07308995723724365
6.0 0.6200000047683716 0.45390400290489197 0.24625003337860107 0.3712620139122009
7.0 0.07343800365924835 0.4397840052843094 0.09562499821186066 0.1353820264339447
8.0 0.8268749713897705 0.5269929766654968 0.15999996662139893 0.2682720422744751
9.0 0.3996870070695877 0.4460130035877228 0.22562500834465027 0.21926897764205933
