0.0 0.3762499988079071 0.3251659870147705 0.24124997854232788 0.10880398750305176
1.0 0.16124999523162842 0.5502489805221558 0.041249990463256836 0.4659470319747925
2.0 0.36937499046325684 0.7221760153770447 0.21875 0.07059800624847412
3.0 0.8912500143051147 0.5531560033559799 0.04499995708465576 0.20930197834968567
4.0 0.7946869730949402 0.34842199087142944 0.18687498569488525 0.11711001396179199
5.0 0.612500011920929 0.7026579976081848 0.20500004291534424 0.06976699829101562
6.0 0.5953130125999451 0.48380398750305176 0.23812496662139893 0.3629570007324219
7.0 0.051874998956918716 0.4983390122652054 0.09875000268220901 0.1345510184764862
8.0 0.7896869778633118 0.5606309771537781 0.171875 0.27076399326324463
9.0 0.3843750059604645 0.48380400240421295 0.2149999737739563 0.22342202067375183
