0.0 0.5091131794205361 0.4032565285674862 0.18370256243569966 0.11191017631111877
1.0 0.344946540295054 0.53162139476269 0.06529083066817948 0.40938804746953855
2.0 0.4725666326489743 0.7159633605154505 0.15380810335335926 0.08520737376205034
3.0 0.8662885501077205 0.6535910053366482 0.03895232389696868 0.15791910378042084
4.0 0.8209248763525492 0.4892042335134579 0.12443140265454955 0.11328230086209823
5.0 0.6571690899356579 0.7384506509663928 0.16333746070416577 0.08914221102911757
6.0 0.6658932481134495 0.5636185756899719 0.21049935100271133 0.32671348555917035
7.0 0.27508216556606957 0.5031101930356994 0.07940547824547814 0.10952882170511463
8.0 0.801860565551602 0.6527760208147924 0.1299650639336124 0.21129429955885115
9.0 0.5049618486628322 0.525943855604242 0.18938903156839126 0.19770039181590582
