0.0 0.4544449913443638 0.25152937631116407 0.26667460700473233 0.19021839226623838
1.0 0.21078768838834214 0.40329280429726594 0.14411477432237657 0.5733110886240292
2.0 0.3752139871903124 0.6513908499675451 0.2192276605022071 0.11836038648571745
3.0 0.9042091715286683 0.6326318184315944 0.07398829325182277 0.21217077513601312
4.0 0.8598096004480326 0.40961391829276195 0.19167647486183204 0.1817563790549403
5.0 0.618894479965322 0.7009284779246427 0.20277925047530287 0.1273224097619995
7.0 0.09752629799952267 0.3342651121554189 0.14412368472302634 0.1814629232141539
6.0 0.6465771881271221 0.48914805795295035 0.2802033994712446 0.42519859244420255
8.0 0.8098026472341305 0.6113465515807467 0.1907630907122615 0.30697024402711276
9.0 0.4294273152161032 0.4189926484320077 0.26395734598617393 0.28410118613752405
