1.0 0.15125000476837158 0.657807007431984 0.05375000834465027 0.6013290584087372
7.0 0.049063002690672874 0.6158639788627625 0.09687500074505806 0.15697705745697021
9.0 0.3878130167722702 0.6054819822311401 0.2393750250339508 0.2358800172805786
2.0 0.37343698740005493 0.857558012008667 0.21937501430511475 0.06229197978973389
0.0 0.37937501072883606 0.43563100695610046 0.25624996423721313 0.09717601537704468
4.0 0.8240630030632019 0.4705149978399277 0.18687498569488525 0.1154489815235138
3.0 0.9209370017051697 0.6848009824752808 0.031875014305114746 0.20515000820159912
6.0 0.8215619921684265 0.6964290142059326 0.171875 0.281561017036438
5.0 0.6259379982948303 0.8392860293388367 0.2043750286102295 0.06893694400787354
6.0 0.6084370017051697 0.6117110252380371 0.25562500953674316 0.382889986038208
