0.0 0.35195299983024597 0.3764280080795288 0.2851560115814209 0.131879985332489
1.0 0.1535159945487976 0.6168220043182373 0.0507810115814209 0.6645900011062622
2.0 0.34570300579071045 0.8255450129508972 0.25078099966049194 0.08099699020385742
3.0 0.9312499761581421 0.6339560151100159 0.04062497615814209 0.2232609987258911
4.0 0.8273440003395081 0.4086189866065979 0.1953120231628418 0.13603299856185913
5.0 0.6203129887580872 0.8115260004997253 0.2250000238418579 0.08203494548797607
6.0 0.6054689884185791 0.5649009943008423 0.24531197547912598 0.40706098079681396
7.0 0.027734000235795975 0.5913810133934021 0.05390600115060806 0.1464170217514038
8.0 0.8195310235023499 0.6438210010528564 0.1812499761581421 0.2990649938583374
9.0 0.3656250014901161 0.5680170059204102 0.25937502086162567 0.24714398384094238
