0.0 0.3690790051879401 0.4300348859483113 0.24891400365743638 0.11419141326909038
1.0 0.14988216489997133 0.6589398155955497 0.06197867542529478 0.5524920884339982
2.0 0.3759037917372305 0.8421972793391077 0.213320534205382 0.07607897561557775
3.0 0.9192936523736581 0.6407958202299562 0.05031323050414327 0.22630424703315488
4.0 0.8180295954550527 0.4357198440335531 0.2045726004287146 0.12883670737920855
5.0 0.6197692016053781 0.8163333679479318 0.21417513638443997 0.08232558427764625
6.0 0.6030449444460412 0.5913177656548075 0.2630414664125485 0.3843765057747835
7.0 0.05658101057551775 0.6318084837979621 0.10227803839416268 0.1298144283804855
8.0 0.81706661004993 0.651757611278257 0.1650861208797183 0.2899452507729289
9.0 0.3741671523150524 0.5960971456980169 0.244431943742502 0.2635754414532644
