0.0 0.39809259097847005 0.40742622901419406 0.25750564957853633 0.14993931987226072
1.0 0.2080394607826297 0.657387989058441 0.102437768091862 0.5506198845493806
2.0 0.4402319253261706 0.8049059997056431 0.22699381305969868 0.1256379281018194
3.0 0.9476197235812629 0.5220819627842384 0.0626163862362048 0.21325531591396035
4.0 0.82582384446681 0.34697987502606464 0.19711807915682766 0.14913409428907126
5.0 0.6759580169066209 0.7368173910345153 0.21189364417105927 0.1028573591221087
6.0 0.64446212350512 0.5212204535833282 0.2759793545748349 0.4056540073919491
7.0 0.10514233947836263 0.6429296675956144 0.11927455988016321 0.15763432597569282
8.0 0.8412893275488966 0.5552744005506322 0.2009646858139501 0.2887891627940191
9.0 0.43036772512528065 0.5637759634305757 0.2487763179644018 0.2611401851590406
