1.0 0.11397828358197769 0.6665264413574881 0.14095903677586716 0.6669471172850238
7.0 0.03614865417297166 0.6387578249639012 0.07229730834594332 0.18906560316098686
9.0 0.3822117278798174 0.5432978672242923 0.3021491091663593 0.3198691943089343
2.0 0.39649299390155424 0.8206475802237964 0.2583693568910724 0.14083762954356738
0.0 0.34567524539317845 0.3645260958936165 0.29180641209385527 0.17547283377009426
4.0 0.82382580942296 0.2767024459704785 0.20693645592717447 0.1672103966691657
3.0 0.9685097648276071 0.4751153389834245 0.06298047034478571 0.22591846165830298
8.0 0.8681891376506482 0.5143769896700757 0.22789980366685314 0.34727835267827395
6.0 0.6284718776295645 0.48775661462909936 0.33811962089101844 0.47023270020220903
5.0 0.6771343794231619 0.7200661203438581 0.23323871621888392 0.13030544526646126
