1.0 0.09375 0.6212620139122009 0.0625 0.6627910137176514
7.0 0.0021879998384974897 0.6009140014648438 0.003124999930150807 0.16196000576019287
0.0 0.32749998569488525 0.37292400002479553 0.2837499976158142 0.1013290286064148
9.0 0.3290620222687721 0.5593850016593933 0.2743750065565109 0.25996696949005127
2.0 0.30531200766563416 0.8450999855995178 0.25562500953674316 0.07059800624847412
3.0 0.9453120231628418 0.6665279865264893 0.044374942779541016 0.2367110252380371
8.0 0.8290629982948303 0.6723420023918152 0.1968749761581421 0.3197669982910156
5.0 0.6018750071525574 0.8326410055160522 0.24000000953674316 0.07724297046661377
6.0 0.5846880078315735 0.5739200115203857 0.296875 0.433555006980896
4.0 0.8196880221366882 0.41486701369285583 0.20062506198883057 0.1187710165977478
