0.0 0.4267247225635903 0.3737906211919001 0.27797330302092815 0.157409331039716
1.0 0.2016220942323958 0.5614742456684032 0.08394883615462437 0.616992328919801
2.0 0.37873410284825904 0.8037180806741513 0.23161081599151645 0.1023252929737768
3.0 0.9411454917816827 0.6998499508027508 0.04603919062622008 0.2209449194960218
4.0 0.8740491689771189 0.4774118266522521 0.19513740482228425 0.15193767631920846
5.0 0.6385023898711428 0.8202420478375676 0.21994573939475925 0.10083371854871181
6.0 0.6600679241217334 0.5981864966199308 0.2535001029383237 0.41542195768459245
7.0 0.06125687704215334 0.5123375059503704 0.12251375408430668 0.18546820698342698
8.0 0.8497703340513798 0.6881661142478596 0.17647895764772537 0.30930924342101696
9.0 0.42117037139352853 0.5535567498750484 0.26595352004763667 0.2787628958337308
