0.0 0.4612499922513962 0.3803989887237549 0.22124996781349182 0.0514950156211853
1.0 0.2903119921684265 0.5822259783744812 0.04562497138977051 0.4485050439834595
2.0 0.45218798518180847 0.7126250267028809 0.19687503576278687 0.066444993019104
3.0 0.9334380030632019 0.5544019937515259 0.043125033378601074 0.19019901752471924
4.0 0.8409379720687866 0.3878740072250366 0.16937494277954102 0.09634602069854736
5.0 0.6800000071525574 0.7005810141563416 0.1887500286102295 0.06893694400787354
6.0 0.6690629720687866 0.5103819966316223 0.23937499523162842 0.316444993019104
7.0 0.16968700289726257 0.5141199827194214 0.08812499046325684 0.11960101127624512
8.0 0.8487499952316284 0.5631230026483536 0.13999998569488525 0.24750801920890808
9.0 0.46437498927116394 0.5049830079078674 0.21250003576278687 0.200996994972229
