0.0 0.3634380102157593 0.29318898171186447 0.24312502145767212 0.10465098917484283
1.0 0.1278119944036007 0.4958469718694687 0.03312499076128006 0.5764119923114777
2.0 0.34968701750040054 0.6839699745178223 0.22812502086162567 0.06395304203033447
3.0 0.8943750262260437 0.4975079894065857 0.0625 0.21096301078796387
4.0 0.7871879935264587 0.29692700505256653 0.19812500476837158 0.13538199663162231
5.0 0.6025000214576721 0.6632059812545776 0.20500004291534424 0.06893706321716309
6.0 0.5931249707937241 0.45847201347351074 0.2474999725818634 0.3704320192337036
7.0 0.055312998592853546 0.47259099781513214 0.0768750011920929 0.11627897620201111
8.0 0.7871879935264587 0.5120429992675781 0.17562496662139893 0.25664496421813965
9.0 0.3696880042552948 0.44809000194072723 0.22812503576278687 0.22508302330970764
