0.0 0.3753369323127921 0.38455269590764274 0.2633888920862005 0.13802037826515773
1.0 0.18913977053359626 0.6113748730945039 0.07653754429514009 0.5992425804286863
2.0 0.35977097527478374 0.8159672282698338 0.2304101333875231 0.07933087824834129
3.0 0.9098714568169864 0.6726798794599509 0.04985274242295645 0.22114169638605075
4.0 0.8190414131191479 0.4537118343627957 0.19801017283675548 0.13640681047945646
5.0 0.6061636719237259 0.8145418857456176 0.19512481493307976 0.08328878950654883
6.0 0.5992025618592873 0.588574543529311 0.26305162270858373 0.4074592253510553
7.0 0.04393252474541756 0.5511810726684172 0.08786504949083512 0.13427615565956436
8.0 0.8006007192247895 0.6661211250127891 0.1728875133372222 0.2766876105198701
9.0 0.3738388958811686 0.5666253459529854 0.23852486785634303 0.2551762169142164
