0.0 0.4927615581564663 0.4386491185365032 0.18119119047132343 0.10856879579183032
1.0 0.374309796436536 0.6104283724236943 0.07933962749181689 0.40777721579840354
2.0 0.5087699435901156 0.7484813335877418 0.15616528588775214 0.08310994012428219
3.0 0.8730871350505012 0.5773889376774738 0.038690191296787746 0.1594411072738875
4.0 0.8009154723241465 0.4285461458784758 0.12648110070329666 0.11615294755501904
5.0 0.6898983364247188 0.7154245156937419 0.16906860625916265 0.09671960262622648
6.0 0.6630964605909746 0.5503195744448642 0.21576227960876815 0.3257910694552857
6.0 0.284327612445447 0.6054269017771061 0.08805406759654438 0.10949649206604539
8.0 0.8110243110426438 0.5969632053579387 0.1292699355393001 0.21981555957727683
9.0 0.5071335348184997 0.5538060308667736 0.18385064243826205 0.198397209323962
