1.0 0.21406200528144836 0.5606309771537781 0.031875014305114746 0.534883975982666
7.0 0.12843799218535423 0.5303159952163696 0.09562499076128006 0.13704299926757812
9.0 0.4440630227327347 0.5128740072250366 0.22062501311302185 0.21511602401733398
2.0 0.42531201243400574 0.7362959980964661 0.20187503099441528 0.06063103675842285
0.0 0.4334369897842407 0.3558970093727112 0.2331249713897705 0.09219300746917725
4.0 0.8431249856948853 0.36752501130104065 0.17624998092651367 0.11378699541091919
3.0 0.9409369826316833 0.5710129737854004 0.030624985694885254 0.19019901752471924
8.0 0.849062979221344 0.5818109959363937 0.1656249761581421 0.2516609728336334
5.0 0.666562020778656 0.7188540101051331 0.19312500953674316 0.06395304203033447
6.0 0.6487500071525574 0.5124580264091492 0.23374998569488525 0.3571430444717407
