6.0 0.6491124432422416 0.4679209733262025 0.28143720133110617 0.4232402538456798
0.0 0.40849694143142223 0.33282534716077494 0.2596390053726598 0.13867446670356037
1.0 0.20162613751930802 0.5934669659757935 0.08794810205311573 0.5795567328712719
2.0 0.4414305731315491 0.7437542815220285 0.21545879352641406 0.09010000675691132
3.0 0.9628682279096659 0.49077502836799347 0.05093911064701506 0.20237060919331534
4.0 0.8460751969672761 0.29840926694490244 0.18895507237362374 0.1410443116863552
5.0 0.6863685582781035 0.6924021950403372 0.1994630121485499 0.09563426457820823
7.0 0.10002008164744937 0.5668198532912506 0.10967246705438058 0.16963886520528204
9.0 0.4372103030205192 0.49844729675437377 0.25783557620642267 0.2724032302361984
8.0 0.8643864213372678 0.5188451866911958 0.19368549403405988 0.2993852768635584
