0.0 0.39297355988784266 0.42416853071744476 0.2806433479953325 0.18247637433731656
1.0 0.22838251421635816 0.6932537031609141 0.1270793457722083 0.5793890659581272
2.0 0.44075948611281823 0.8442615166574159 0.23894167873022515 0.12704712244521066
3.0 0.9671284054813045 0.529023812871759 0.06574318903739107 0.23877057919240907
4.0 0.8367751130701921 0.33978446456043643 0.2104970672428741 0.1757001639305163
6.0 0.6516255781424443 0.5356951335024377 0.3011804425446253 0.4347388753192695
5.0 0.6979740101217562 0.7504259360170676 0.22943799908076323 0.12280913595071619
7.0 0.08937010799452591 0.6893733036348099 0.14864698846947738 0.18078985059883168
9.0 0.4211297484083973 0.5862587979195373 0.2851157016771445 0.30426168751315885
8.0 0.8648440061871754 0.5572782059597292 0.212311183043003 0.32752788962832713
