0.0 0.4927044772715896 0.3943771630952898 0.19642726041710823 0.12850286257605542
1.0 0.35698322306743613 0.5925426826231412 0.08006195730644583 0.43160946760218566
2.0 0.5228867308671767 0.7276207129147886 0.16416235561525278 0.09515967605310705
3.0 0.9046662188486243 0.5149342015516628 0.047522645547263376 0.1704985844075999
4.0 0.8239656709099654 0.3646307359302622 0.13639124268768277 0.12932460389412037
5.0 0.7146095804817919 0.677010565324111 0.17391342872047444 0.10124938565027963
6.0 0.6804922829762576 0.4982020324021627 0.23721124520340453 0.34807681708070215
7.0 0.2742346728871453 0.5886773022690293 0.08711804972884954 0.11961337559856366
8.0 0.8433336698328097 0.5444765581182399 0.132171246605999 0.22945045087766364
7.0 0.5101097694093213 0.523583339192505 0.19544094066920253 0.2204984942875241
