0.0 0.3853129893541336 0.39991700649261475 0.23937496542930603 0.09219300746917725
1.0 0.2006250023841858 0.6013290286064148 0.04249998927116394 0.5598009824752808
2.0 0.3728120028972626 0.7890369892120361 0.21062499284744263 0.05481696128845215
3.0 0.9021880030632019 0.6308140158653259 0.03437495231628418 0.19850504398345947
4.0 0.8040630221366882 0.4281559884548187 0.1731250286102295 0.11212599277496338
5.0 0.6159380078315735 0.7794849872589111 0.2018749713897705 0.07225894927978516
6.0 0.6046879887580872 0.5627080202102661 0.23812496662139893 0.3563120365142822
7.0 0.07093799859285355 0.5494190007448196 0.09437499940395355 0.1353820264339447
8.0 0.8012499809265137 0.6262459754943848 0.1575000286102295 0.267441987991333
9.0 0.39156201481819153 0.5577239990234375 0.21562498807907104 0.20515000820159912
