1.0 0.2006250023841858 0.5352989882230759 0.03749999403953552 0.5406979620456696
7.0 0.10999999940395355 0.49169398844242096 0.0925000011920929 0.14451798796653748
9.0 0.40937499701976776 0.48837199807167053 0.21124997735023499 0.20930200815200806
2.0 0.39250001311302185 0.7076410055160522 0.19499999284744263 0.05149495601654053
0.0 0.40312500298023224 0.33762499690055847 0.22625002264976501 0.09053200483322144
4.0 0.7971879839897156 0.3679400086402893 0.16687500476837158 0.10132896900177002
3.0 0.893750011920929 0.5602159947156906 0.029999971389770508 0.18521597981452942
8.0 0.7971879839897156 0.5730900168418884 0.15937495231628418 0.2541530132293701
5.0 0.6187499761581421 0.6968439817428589 0.18000006675720215 0.05814003944396973
6.0 0.6053130030632019 0.49543197453022003 0.22437500953674316 0.33803996443748474
