0.0 0.37968800961971283 0.368120014667511 0.2500000298023224 0.12149500846862793
1.0 0.17226600646972656 0.5638629794120789 0.04453098773956299 0.5586709976196289
2.0 0.36796900629997253 0.7705090045928955 0.21562498807907104 0.06230497360229492
3.0 0.9128909707069397 0.6292830109596252 0.03359401226043701 0.21599197387695312
4.0 0.8261719942092896 0.4086189866065979 0.19609403610229492 0.11734199523925781
5.0 0.612500011920929 0.7663549780845642 0.20000004768371582 0.08515095710754395
6.0 0.607030987739563 0.5477669835090637 0.2250000238418579 0.3873310089111328
7.0 0.058984000235795975 0.5467290133237839 0.09921900182962418 0.13603296875953674
8.0 0.8058590292930603 0.6313599944114685 0.1617189645767212 0.2845280170440674
9.0 0.3828119933605194 0.5384219884872437 0.22812503576278687 0.2191070318222046
