0.0 0.39229185128429833 0.39281577273951995 0.2646591530520554 0.12292350153166615
1.0 0.15984078548118638 0.6199916282118076 0.05021006680813306 0.6031213865147437
2.0 0.39196185088649577 0.8097890634691918 0.2251398992938961 0.08367609414667787
3.0 0.9669060065874651 0.6257249982991544 0.04729898416105838 0.23144712833584558
4.0 0.85700665337065 0.4084081215818839 0.2056040445569326 0.14761808589912928
5.0 0.6453606343365125 0.7897309428044117 0.21247909226082418 0.0699130891477403
6.0 0.6429320068811692 0.5695061520459561 0.24354281235666697 0.37990374773875163
7.0 0.054426370424288766 0.5819200178168756 0.10824796392116658 0.1694231765573238
8.0 0.8492118905182665 0.6341272727116308 0.1783634653300743 0.28509595647503083
9.0 0.3925355427688284 0.5672982688362157 0.24899862473302264 0.24922897926582516
