1.0 0.21282601572371415 0.617831555443815 0.12187578976520946 0.5391446987848645
7.0 0.11733891856004018 0.6004141544655146 0.11322315950411424 0.16705596251989607
9.0 0.40955208265488835 0.5138505402394516 0.23954913981850556 0.2634512749441338
2.0 0.42760537067677495 0.7329537499984028 0.19879103993090852 0.10462110133958813
0.0 0.3796848106658044 0.3681855540037687 0.2354998894891513 0.15148934650227452
4.0 0.7697871266888147 0.2881616561425777 0.17914291897863044 0.14552298571942027
3.0 0.8945083122192259 0.4493011604344298 0.05852250352420507 0.18945792254491417
8.0 0.8021162335637497 0.48876267650392025 0.19589235376717273 0.2928710707296123
5.0 0.6471369987906526 0.6594313609549207 0.18517090463955166 0.10694439642563014
6.0 0.6022579324859711 0.466224930071595 0.27267064956675574 0.3929872635075483
