4.0 0.8768749833106995 0.36835500597953796 0.20375001430511475 0.13039898872375488
3.0 0.9737499952316284 0.5967609733343124 0.03250002861022949 0.21013298630714417
2.0 0.3815630078315735 0.7782390117645264 0.22562497854232788 0.05980098247528076
5.0 0.6549999713897705 0.7616279721260071 0.2200000286102295 0.06976699829101562
6.0 0.6381250023841858 0.5161960124969482 0.26625001430511475 0.40780699253082275
8.0 0.8668749928474426 0.6121259778738022 0.18500006198883057 0.3006639778614044
7.0 0.041875001043081284 0.5170270204544067 0.08250000327825546 0.15863800048828125
9.0 0.40406201779842377 0.5095509886741638 0.24937501549720764 0.24667799472808838
0.0 0.38999998569488525 0.3276579976081848 0.2762500047683716 0.10714298486709595
1.0 0.174686998128891 0.5577239990234375 0.056874990463256836 0.6337209939956665
