0.0 0.37972699802216897 0.34002279164964466 0.2713645854389667 0.13239187513415235
1.0 0.1515444047566304 0.5856394068174315 0.08693302482757824 0.584781366633657
2.0 0.40442944956179094 0.7673688226566129 0.23387575586313036 0.09839071798520904
3.0 0.9654961872242983 0.5263566898363947 0.06099712780533051 0.22718368858946397
4.0 0.8430975531736807 0.3161824826953501 0.2017911404988535 0.14463285498905037
5.0 0.6652480829748403 0.7221729848346539 0.22453813187509786 0.09728015086153008
6.0 0.6393772722201061 0.49176243721811996 0.29024192966499396 0.4218585399782091
7.0 0.047254774561712516 0.5378053763135686 0.09450954912342503 0.16513706098743242
8.0 0.854567990998716 0.5470547781108364 0.1874666626235586 0.30787663944125454
9.0 0.39680230485288426 0.5143581103114743 0.2761998065424307 0.2683709746955604
