0.0 0.44164388257444376 0.29830974386971987 0.25777600922035804 0.1737668966772436
1.0 0.22817621816301786 0.455973641457466 0.12477996596519267 0.44837843946353373
2.0 0.36589184994104407 0.6790618532592296 0.21561920622184072 0.12392758112017233
3.0 0.8896932165737015 0.6670536395415567 0.0709979031986182 0.19327585719641438
4.0 0.844702947572884 0.4533301905816516 0.18852632033124817 0.168919039566171
5.0 0.6063662168505651 0.7333380842677524 0.20269979584781583 0.11912436341066945
6.0 0.6288352984600536 0.5266266715029273 0.29273380727968146 0.41992957228321365
7.0 0.1040810721970944 0.38262075671787016 0.11108174512843028 0.1469986245762479
8.0 0.7980412952918854 0.6516254957535925 0.19088478373328377 0.2926194417101212
9.0 0.426545729212749 0.4561310614933559 0.2514742857906002 0.28101257487912323
