1.0 0.1862173585415276 0.5185557683144154 0.1257156441910594 0.6034900707711623
8.0 0.054255602586276576 0.44320803434678924 0.10851120517255315 0.19714325859066367
9.0 0.39637727502269904 0.5205405879761564 0.2749170879376803 0.297085441890765
2.0 0.34003821834195863 0.7678427937635725 0.2301861810675053 0.11688646678008952
0.0 0.4146255704237717 0.34841216639997485 0.2634127137955675 0.1623541887404416
4.0 0.8544951116916908 0.48606878909674167 0.19672396911953294 0.1623287398238702
3.0 0.91716841482506 0.7316273720882921 0.06019801573467731 0.2132219349346216
8.0 0.8201617949441443 0.7179184906039313 0.212549409448745 0.3224911703978064
6.0 0.620190719385679 0.5857192748298508 0.30549616771787097 0.4532267152163842
5.0 0.6023978761186854 0.8155080802508319 0.21250033681774982 0.11701018442205258
