1.0 0.15562500059604645 0.5955149978399277 0.04499998688697815 0.6029899418354034
7.0 0.05031299963593483 0.5622919648885727 0.09812500327825546 0.16112998127937317
0.0 0.3918750137090683 0.3725079894065857 0.2600000202655792 0.10382097959518433
9.0 0.39906199276447296 0.5473420172929764 0.24562498927116394 0.24750801920890808
2.0 0.3878129869699478 0.7940199971199036 0.22437497973442078 0.06146204471588135
5.0 0.6521880030632019 0.7823920249938965 0.21437501907348633 0.06810605525970459
6.0 0.6356250047683716 0.5514950156211853 0.26125001907348633 0.39867103099823
4.0 0.8543750047683716 0.39534899592399597 0.18499994277954102 0.11960101127624512
3.0 0.9565619826316833 0.6220930218696594 0.03437495231628418 0.21096301078796387
8.0 0.8543750047683716 0.6349670439958572 0.17750000953674316 0.27657803893089294
