0.0 0.3857754465726887 0.2705142303670755 0.2515509546697728 0.1474480926541297
1.0 0.13166514576624772 0.42889293399824024 0.09156982877028323 0.5770624909581306
2.0 0.3323212928009827 0.6552189003920345 0.23254109575501355 0.10442525472168684
3.0 0.8909947003007187 0.5685168363513646 0.08342618859835715 0.22026864645037553
4.0 0.8052394134632047 0.35049105985114143 0.21009785175678553 0.16979608392672696
5.0 0.5849208704094944 0.6801515560269917 0.210137213937648 0.10520094530756707
6.0 0.5964994775240625 0.47561682180109155 0.28297500016496796 0.4115673191047533
7.0 0.06220459387531142 0.3928017519461641 0.08801816234912566 0.12904460358257286
8.0 0.7833139749311132 0.5636246755043924 0.2001647421878736 0.28589165124349813
9.0 0.3761797445996149 0.42511274993344744 0.2489640897264669 0.2640703624809023
