0.0 0.4040620028972626 0.3068940043449402 0.24187499284744263 0.1004980206489563
1.0 0.2265619933605194 0.5053989887237549 0.04187500476837158 0.44103002548217773
2.0 0.40468698740005493 0.7005810141563416 0.21312499046325684 0.058969974517822266
3.0 0.9365620017051697 0.5323920100927353 0.04062497615814209 0.20930197834968567
4.0 0.8274999856948853 0.32558101415634155 0.1887500286102295 0.1179400086402893
5.0 0.6368749737739563 0.6868770122528076 0.20500004291534424 0.07807302474975586
6.0 0.6271880269050598 0.4705149978399277 0.234375 0.3612959682941437
7.0 0.0865630004554987 0.47674401104450226 0.11812500283122063 0.13122901320457458
8.0 0.8271870017051697 0.5427740067243576 0.18687498569488525 0.27325597405433655
9.0 0.41062501072883606 0.46096302568912506 0.21750003099441528 0.22259101271629333
