1.0 0.22827948990321653 0.5452736952433037 0.055733066908879525 0.5709219061556251
7.0 0.07684920234659946 0.49387680404424317 0.11057920309504968 0.16761757199636457
9.0 0.41908696664187184 0.5071418669425539 0.2438962501942245 0.224081262635564
2.0 0.3967841140925424 0.7439912565709139 0.21581325464586032 0.05614016977264136
3.0 0.9434754299931811 0.5994374562812576 0.03571566937781945 0.20619271098318448
8.0 0.840691967485281 0.6079595534784143 0.17282889701773452 0.2759692704501056
5.0 0.6458401133549242 0.7412172271973156 0.2015105617348707 0.0768156883589175
6.0 0.6319515302792731 0.5216151322668293 0.24880830120631592 0.3785914909296682
4.0 0.8380638223152415 0.3916113504497701 0.17848693531427584 0.10574342620773969
0.0 0.41352296444128356 0.3452132642313399 0.24221312674300072 0.09949092841730783
