0.0 0.40625 0.375 0.2437499761581421 0.09717601537704468
1.0 0.1887499988079071 0.5764120221138 0.046249985694885254 0.5830559730529785
2.0 0.38906198740005493 0.7740859985351562 0.21437501907348633 0.05814003944396973
3.0 0.9212499856948853 0.6283220052719116 0.041249990463256836 0.19850504398345947
4.0 0.8306249976158142 0.4223420023918152 0.1799999475479126 0.10880398750305176
5.0 0.6337500214576721 0.7732560038566589 0.20500004291534424 0.07308995723724365
6.0 0.6178119778633118 0.550248995423317 0.2356250286102295 0.3646180331707001
7.0 0.07374999485909939 0.5265780240297318 0.08499999716877937 0.12790700793266296
8.0 0.8165619969367981 0.6179400086402893 0.14937496185302734 0.2541530132293701
9.0 0.40437498688697815 0.5402820110321045 0.2225000262260437 0.21511602401733398
