0.0 0.2955605922085911 0.36019759818921 0.24501085689421503 0.1807889079951902
1.0 0.1633648137395724 0.6111832149854333 0.13542301965829814 0.5042585351600418
2.0 0.3579640237112697 0.7221260326403509 0.21387377734463892 0.13576008384340177
3.0 0.8038224194558594 0.4115027790367206 0.07749557614479341 0.2125022840944477
4.0 0.678522828574484 0.2680999511838663 0.1926533395466289 0.16596991821441048
6.0 0.5296690021511019 0.43942563751616914 0.2770497551468994 0.40346129891177224
9.0 0.3326551256846416 0.498185621858651 0.24518470734690673 0.261941828656089
7.0 0.055514564126401426 0.6049495968299111 0.11102912825280285 0.14707326835500556
8.0 0.7201861670777961 0.44821491965228477 0.19815298296521977 0.28827218104809665
5.0 0.5728023666504907 0.634455159143265 0.21101968816178707 0.12649161242782625
