0.0 0.4851637017684234 0.4183816044827976 0.17479504647008676 0.1017369537241834
1.0 0.38061748706537885 0.593619307201126 0.05245360181155845 0.3054396133953695
2.0 0.5036793957087173 0.7087029896788555 0.14542016797502422 0.07357487861373257
3.0 0.8576942173185417 0.5488293622329391 0.04144086249980283 0.15503128732463484
4.0 0.7845831376495398 0.40728683187173 0.12328492960644077 0.10862272693185177
5.0 0.6698468793753438 0.6767520975046081 0.15377584798570243 0.07811267628191731
6.0 0.6485019414976336 0.5189594005685093 0.1991549351631755 0.300754850742911
7.0 0.28982035049177823 0.5763789249468165 0.07007686009123615 0.0956369897252497
8.0 0.7929154456752872 0.5637015828511751 0.12350500381490914 0.21162726435058332
9.0 0.5024136727924153 0.5319238676987877 0.17047960921136412 0.18035256951618445
