0.0 0.4028804227088273 0.3949938892448802 0.2448792693108443 0.13533102190588925
1.0 0.21209847874815668 0.5858798167438638 0.07669591828153918 0.5462897824853941
2.0 0.37459550418194953 0.7885175503475166 0.20395532734295319 0.0916080203461177
3.0 0.9052780753429168 0.6597561623048442 0.04815277981835442 0.2105025855138436
4.0 0.8213942405875491 0.45025824384082824 0.18562477885563178 0.13030563811437168
5.0 0.6169465301446833 0.787220022786145 0.20453679512776535 0.0875296234412305
6.0 0.618642810863654 0.5724937922948505 0.24522291746892977 0.38512710253958166
7.0 0.07424679833208794 0.5466146724764578 0.12321836892102417 0.14049404875011545
8.0 0.8012844503580494 0.6571791103790359 0.17110704453174597 0.2807923616496214
9.0 0.40438406416053546 0.5512011372990879 0.23563711190597691 0.25014159238495054
