0.0 0.3906457047903123 0.35980458711888186 0.27187304935243894 0.18951725218856846
1.0 0.17979718625486288 0.5446378726743829 0.14597556742434398 0.5971227125333582
2.0 0.3239316201855618 0.7825177334107756 0.2328721842240968 0.12564507150253912
3.0 0.8841616050202096 0.7566514974329199 0.07481761140239507 0.22493001355374853
4.0 0.820534848718274 0.5213491357609626 0.20829868602335566 0.17412357665716266
5.0 0.5673928423665333 0.8328960601687603 0.199139072324797 0.12201822785973826
6.0 0.5874124507137052 0.608309697261503 0.3038191683957949 0.45065213386982617
7.0 0.04708446881332912 0.4541639028661637 0.09416893762665823 0.14980345955406188
8.0 0.7770467322597454 0.7272092502438567 0.20074631896434847 0.30480400042986744
9.0 0.3674974666730661 0.5392708122553095 0.26180153307068377 0.2978339993889172
