0.0 0.4179689884185791 0.3836970031261444 0.270313024520874 0.12357199192047119
1.0 0.20742200314998627 0.5991690158843994 0.039844006299972534 0.6147459745407104
2.0 0.401172012090683 0.8177570104598999 0.22734397649765015 0.07372796535491943
3.0 0.9535160064697266 0.642782986164093 0.03046894073486328 0.2180689573287964
4.0 0.8707029819488525 0.4299069941043854 0.18671894073486328 0.12876397371292114
5.0 0.6609370112419128 0.8011419773101807 0.21562504768371582 0.07372796535491943
6.0 0.666405975818634 0.5773620009422302 0.2265620231628418 0.3883700370788574
7.0 0.06093699857592583 0.5685359835624695 0.1171879991889 0.1713399887084961
8.0 0.861719012260437 0.642782986164093 0.15625 0.29075801372528076
9.0 0.42539098858833313 0.5633440017700195 0.24921900033950806 0.248183012008667
