1.0 0.25093701481819153 0.5377910137176514 0.030624985694885254 0.5705980062484741
7.0 0.11812499910593033 0.49958500266075134 0.10625000298023224 0.1503320336341858
9.0 0.4481250047683716 0.4896180182695389 0.22249996662139893 0.2201000154018402
2.0 0.4353119879961014 0.7213460206985474 0.20812496542930603 0.06063103675842285
0.0 0.4387499988079071 0.33098000288009644 0.24124997854232788 0.08886998891830444
4.0 0.8568750023841858 0.3567279875278473 0.16499996185302734 0.10382097959518433
3.0 0.9503129720687866 0.5614619851112366 0.02812504768371582 0.19269096851348877
8.0 0.8587499856948853 0.5676910430192947 0.16124999523162842 0.2549830377101898
5.0 0.6740630269050598 0.7026579976081848 0.19187498092651367 0.06146204471588135
6.0 0.6584380269050598 0.4954319894313812 0.2356250286102295 0.36129599809646606
