0.0 0.39750000834465027 0.3426080048084259 0.24875003099441528 0.09385401010513306
1.0 0.18062500655651093 0.5460960268974304 0.03874999284744263 0.5622919797897339
2.0 0.3884370028972626 0.7358800172805786 0.21437501907348633 0.06312298774719238
3.0 0.8931249976158142 0.5830559730529785 0.03250002861022949 0.19767403602600098
4.0 0.8081250190734863 0.37790700793266296 0.17375004291534424 0.10298997163772583
5.0 0.6221879720687866 0.7213460206985474 0.19312500953674316 0.0672760009765625
6.0 0.6078119874000549 0.5112130045890808 0.22437500953674316 0.35132896900177
7.0 0.08156199939548969 0.5020760148763657 0.09812500700354576 0.1154489815235138
8.0 0.796875 0.575996994972229 0.1549999713897705 0.24169397354125977
9.0 0.40562500059604645 0.5037379860877991 0.2212500274181366 0.21677696704864502
