0.0 0.3688729074366522 0.28353806147650135 0.274039526776802 0.19772039090296276
1.0 0.19152020979012724 0.5728943242209225 0.14613497804529008 0.5776543057714241
2.0 0.43005854458487724 0.7055672696736807 0.22652819157370985 0.13088376727515016
3.0 0.9386920098603257 0.38649390081407503 0.08154118145829214 0.22857516084807694
4.0 0.8168956158585767 0.20251636044359608 0.19784769243584177 0.1759958059732934
5.0 0.6784551116958359 0.621733757482988 0.2320518309955788 0.14253923788607847
6.0 0.6302943442777198 0.4004637078367065 0.3125938004489893 0.46842499995563575
7.0 0.07628743830484483 0.5750670710675183 0.12682124026574298 0.14140769989224633
8.0 0.8407678372452785 0.4190642515700955 0.19713231686258725 0.3199196273355604
9.0 0.40159283321421924 0.45248294385478716 0.27118466393033613 0.2974966295154508
