1.0 0.18800056898107737 0.4700107651077549 0.10362504082442739 0.6032396080384906
9.0 0.40261800334890596 0.44453892985901833 0.2542893486005089 0.26226771615495786
2.0 0.3781617717663347 0.6887396976916704 0.22646710680832566 0.08324176454847276
0.0 0.39356575669652616 0.26722772496000036 0.2764125431878823 0.1372620877575044
7.0 0.047472624231693544 0.4339021770170829 0.09494524846338709 0.16210744885330325
6.0 0.6274070764295384 0.46494603609643204 0.2726423958872913 0.4140415624437647
5.0 0.6303456195764161 0.6941511698473031 0.20676919916522118 0.0864018002007616
4.0 0.8804692106604821 0.3314099523953158 0.21785708497550316 0.14514243783625752
3.0 0.9487038961964103 0.5578015806322867 0.038298397809439555 0.2137922757181649
8.0 0.8388082629117771 0.5690532020823293 0.19335584065188915 0.29632459379222276
