0.0 0.34923768485365925 0.26931552749694326 0.24118180124908445 0.15224365756613065
1.0 0.1563652102875711 0.4371290366023327 0.0985591880474936 0.50780145514234
2.0 0.3060543838305545 0.6361616330745425 0.21242655162709667 0.10978869966271643
3.0 0.8068291473617715 0.5677443603130296 0.06293663425041496 0.2108953410509718
4.0 0.7305549814005885 0.37276678144951725 0.18759595588087763 0.14466258893298184
6.0 0.5444729211243244 0.45839562295612946 0.25561567047237593 0.3806937949950269
9.0 0.34512545304111925 0.4157424175282519 0.2343898581707172 0.23724798532007418
7.0 0.056644455071876536 0.37742181652553186 0.10667984288826955 0.1368183862317241
8.0 0.7189143455767959 0.5605633719684322 0.18284800960185332 0.2719742611373504
5.0 0.5300299807338702 0.6607658892465509 0.2102325950729007 0.1005104961322868
