0.0 0.4074999839067459 0.3139530122280121 0.2449999749660492 0.10465097427368164
1.0 0.234375 0.5049830079078674 0.041249990463256836 0.44518303871154785
4.0 0.8365619778633118 0.32890400290489197 0.17437493801116943 0.11461800336837769
2.0 0.3996869772672653 0.7030730247497559 0.22187498211860657 0.05398702621459961
3.0 0.9337499737739563 0.5386210083961487 0.04375004768371582 0.2001659870147705
5.0 0.6490619778633118 0.6910300254821777 0.2106250524520874 0.06146204471588135
6.0 0.6343749761581421 0.473007008433342 0.252500057220459 0.35963502526283264
7.0 0.09531200304627419 0.4950169771909714 0.09187500923871994 0.09302297234535217
8.0 0.8303130269050598 0.541113018989563 0.1656249761581421 0.24335503578186035
9.0 0.41843798756599426 0.4746680110692978 0.22187501192092896 0.22840502858161926
