0.0 0.39851073381853414 0.3530803834511561 0.276252234522116 0.15553968462449935
1.0 0.23014676439695977 0.6107200718527308 0.09039938461499825 0.6018449196506702
2.0 0.4345061646124354 0.7802285765761126 0.23396911755630256 0.11252744266970527
3.0 0.9670662094721199 0.5069785730225831 0.0658675810557603 0.23276940922387446
4.0 0.8487928256351591 0.3005318384767861 0.19828056694068952 0.14709375919377518
5.0 0.6955910718436943 0.7180491859321391 0.22955159302407924 0.11104908145527248
6.0 0.6634574138595857 0.487999662553994 0.2915299775438719 0.42182326150268523
7.0 0.09284870112599522 0.5974798212203883 0.12466659195029299 0.14663592501851164
8.0 0.869052644988169 0.527765809843233 0.1819296197288668 0.293745363826586
9.0 0.42659077239429044 0.5206316505083857 0.2593791338037296 0.27440949141261217
