0.0 0.4099999815225601 0.2491690069437027 0.25999996066093445 0.12126198410987854
1.0 0.18718799948692322 0.4763289988040924 0.046875 0.5789039731025696
2.0 0.39625002443790436 0.6785709857940674 0.2212500274181366 0.06478404998779297
3.0 0.9465619921684265 0.5240859985351562 0.044374942779541016 0.22092998027801514
4.0 0.8600000143051147 0.3077240064740181 0.1812499761581421 0.12375400960445404
5.0 0.6524999737739563 0.6731730103492737 0.2250000238418579 0.07558095455169678
6.0 0.6440619826316833 0.4431060031056404 0.24937498569488525 0.4028240293264389
7.0 0.07468800246715546 0.4431059956550598 0.1106249988079071 0.11046499013900757
8.0 0.8456249833106995 0.5257480144500732 0.15250003337860107 0.2807309627532959
9.0 0.4124999940395355 0.42358800768852234 0.23750001192092896 0.23089700937271118
