1.0 0.14740305460768222 0.5956061354712201 0.09498989564505059 0.6203296255028103
9.0 0.4086969293367493 0.5217251627471897 0.2604915490492446 0.2809795742481253
2.0 0.3982719103516694 0.7794993068712667 0.22669758428698605 0.09162019030944601
0.0 0.37896428977131613 0.3454512367901166 0.2750573878437019 0.14403267323543723
7.0 0.04845157928868854 0.5846400388144215 0.09690315857737708 0.16875446751959455
6.0 0.6339186072775131 0.497053137998987 0.2940093378503174 0.43515678361329185
4.0 0.8603417262351847 0.3181608051637195 0.21211588584196395 0.14928284588958513
3.0 0.9683064144667066 0.5308665183181223 0.044939364671022886 0.22194967962552725
8.0 0.8590175126267782 0.5596553825722761 0.19551140561765212 0.3153735780289035
5.0 0.6662950616495524 0.7355887356609684 0.21398427318244329 0.1021335957592493
