1.0 0.1550000011920929 0.5560630112886429 0.03624999523162842 0.6004980504512787
7.0 0.05375000275671482 0.5157810002565384 0.10250000283122063 0.15614601969718933
9.0 0.40062500536441803 0.5053989887237549 0.23625001311302185 0.23504996299743652
2.0 0.37843701243400574 0.75 0.21437501907348633 0.066444993019104
0.0 0.38999998569488525 0.3313950002193451 0.2562500238418579 0.10631197690963745
4.0 0.8290629982948303 0.36586400866508484 0.1781250238418579 0.11212599277496338
3.0 0.927187979221344 0.5730900168418884 0.025624990463256836 0.20431900024414062
8.0 0.8278120160102844 0.5946840047836304 0.15937495231628418 0.27574801445007324
5.0 0.6396870017051697 0.7396180033683777 0.20687496662139893 0.0672760009765625
6.0 0.6224999874830246 0.5095509886741638 0.2524999678134918 0.39119601249694824
