0.0 0.3921879976987839 0.3205980062484741 0.24812498688697815 0.10631197690963745
1.0 0.21187500655651093 0.5211790353059769 0.043749988079071045 0.5639530122280121
2.0 0.37062498927116394 0.7192689776420593 0.20875000953674316 0.066444993019104
3.0 0.9121879935264587 0.5759970098733902 0.03312504291534424 0.19850501418113708
4.0 0.8203120231628418 0.3646180033683777 0.17937493324279785 0.11960101127624512
5.0 0.6259379982948303 0.7155320048332214 0.203125 0.07890403270721436
6.0 0.6109380125999451 0.4975079894065857 0.23812496662139893 0.35880398750305176
7.0 0.07562500238418579 0.4858799874782562 0.09125000238418579 0.13455098867416382
8.0 0.8096879720687866 0.5660300254821777 0.15187501907348633 0.2632889747619629
9.0 0.3959369957447052 0.48380397260189056 0.21687501668930054 0.21013298630714417
