0.0 0.3963427955219022 0.30830625724436345 0.2891623787216146 0.17894215826832077
1.0 0.23479147872601935 0.5854827438766876 0.12202450932481668 0.6123763902768907
2.0 0.450069716594221 0.7401526585968166 0.242703152476426 0.12402426323031301
3.0 0.9743648967654197 0.4286841024410133 0.051270206469160695 0.22407498359628142
4.0 0.8602706899739191 0.22833281632288566 0.20954602867322736 0.17478010311715364
5.0 0.7125054709879994 0.6578128964226369 0.22267014223784964 0.1219590065019357
6.0 0.6653954341893387 0.43207437127218373 0.3081953266555326 0.4539011656760168
7.0 0.08724043160491064 0.5812307516116724 0.13229233326369474 0.17034658552741272
8.0 0.8749622123285923 0.4507507987979229 0.19688228211830505 0.3312167690691365
9.0 0.43479668261681825 0.48038938262958375 0.26671826653591674 0.2910027975488468
