0.0 0.4171157437369458 0.27498877366230357 0.27699278239728886 0.1579733060334651
1.0 0.20428271178024246 0.4524012484161903 0.1059891155441795 0.5984675280418498
2.0 0.3554517865834041 0.6941156340466188 0.23351549745580202 0.10865737522962704
3.0 0.9334070041566513 0.6353312583470128 0.06923846194424443 0.22175166258911738
4.0 0.8659862322753753 0.3926932762312779 0.19937934939258417 0.15777877547614405
5.0 0.6255768204473979 0.7301579182514284 0.2253785426446272 0.12322790460388056
6.0 0.629444724622444 0.4997585539199918 0.2872552151478996 0.4289773735345139
7.0 0.0703134788336883 0.391800327015278 0.10903991076292187 0.14631365628715814
8.0 0.8257425395364093 0.6090742366709457 0.18165831050754067 0.2978156814042516
9.0 0.4018745548514625 0.44954206357095094 0.24831888169444222 0.269352365830774
