0.0 0.40040768188981757 0.3720433373138962 0.2648628973436198 0.15218950696167755
1.0 0.16919760466594355 0.5514004022887935 0.12790181433519343 0.608677997358921
2.0 0.34490907972195883 0.7921477716256293 0.23072403561427948 0.11368778930483481
3.0 0.9106770929786299 0.7325967299080123 0.0624678677667595 0.22101157547120354
4.0 0.8391111159867611 0.4945705216970552 0.20269503972125102 0.15951345743360185
5.0 0.5981636096245686 0.8182398620934861 0.214684573028264 0.1102232817326132
6.0 0.6089813642954314 0.5900159682370418 0.2976057581710395 0.4346230357004863
7.0 0.05542426223013988 0.47980486986360316 0.11084852446027976 0.16434607821474828
8.0 0.8082209197800019 0.7108867142311872 0.203640492124181 0.314557777645012
9.0 0.38390457103116027 0.5380329673610644 0.2643349599739831 0.28536680601938447
