0.0 0.3911314096176548 0.3811271450597262 0.26017950453502364 0.15366082207441084
1.0 0.17956891663317898 0.622606902349129 0.09099055147563781 0.45373771838825105
2.0 0.42414780434983 0.7788520712718638 0.21709135090941079 0.09147512709634464
3.0 0.9195959566435528 0.5174240516321105 0.05620554005037226 0.1999393404065658
4.0 0.8144670684250435 0.33112339771743726 0.18648071875352756 0.14438012279808182
5.0 0.6657495124020367 0.7212661697653047 0.2008449268921384 0.10366011984040979
6.0 0.6295391754928579 0.5066659656485908 0.2745555435058141 0.40918689375378153
7.0 0.07885294954360858 0.6255268478754354 0.09835462297617355 0.10818771151676121
8.0 0.82795950285479 0.5429402489048362 0.1895378866162074 0.29550314594859134
9.0 0.41730522368864753 0.5410070498799009 0.2437658552028406 0.2704649581261927
