1.0 0.19959032625572976 0.5624836418152823 0.10239974349272876 0.5654359396656642
7.0 0.10494541216667341 0.5445481116979586 0.10763039855363225 0.16045585473548502
9.0 0.42197482704571043 0.4753630081076621 0.2508539941291361 0.26226583318107094
0.0 0.39507751456021734 0.3140272373000087 0.25274978613158905 0.14629372181822117
4.0 0.8252743391594384 0.25611550520662446 0.2045064808537299 0.15746017228884535
3.0 0.9526267189406712 0.4531205196202601 0.054791147495736214 0.2108200421386972
8.0 0.8436093361537831 0.4838538260076021 0.20078776625845707 0.3051627240681492
5.0 0.6669014062984608 0.652934197705128 0.1980568910559951 0.10079567681970902
6.0 0.627935678308152 0.44110407411519725 0.2808069427885929 0.40871292327671305
2.0 0.42698542430617936 0.7137593387477276 0.21170940809128408 0.09872572251793854
