1.0 0.14802063456703812 0.4712720886512357 0.14846845581145174 0.5836285814958135
7.0 0.05886635150810706 0.40082067508924923 0.11773270301621412 0.19157320933570332
9.0 0.39433812733512164 0.5000732386211955 0.28206234602989344 0.31380354334813454
2.0 0.3323579171038835 0.7304832873511662 0.2246927911974504 0.13446467377034588
0.0 0.4145176346635299 0.3340846113853274 0.2648925555520881 0.17840613544094627
4.0 0.8465449555106026 0.5087999500768474 0.20404575851298434 0.17813049463738773
3.0 0.9041764865265005 0.7388490215753034 0.07049379545501522 0.2115923135127451
8.0 0.7953440666025262 0.7288012293415949 0.2196807988224182 0.325708611464509
6.0 0.6089000353649086 0.5800556474309996 0.3202618956068114 0.45877873208204756
5.0 0.5788878124479214 0.804011068544667 0.212820998688589 0.1370565319621868
