0.0 0.3668749928474426 0.3600499927997589 0.23500001430511475 0.09883701801300049
1.0 0.15437500178813934 0.5419440418481827 0.04499998688697815 0.4493360221385956
2.0 0.36656299233436584 0.7446010112762451 0.21062499284744263 0.07225894927978516
3.0 0.8568750023841858 0.5610470026731491 0.04999995231628418 0.19185999035835266
4.0 0.7674999833106995 0.3704319894313812 0.15874993801116943 0.10631197690963745
5.0 0.6015620231628418 0.7171930074691772 0.19812500476837158 0.06893706321716309
6.0 0.5853130370378494 0.517441987991333 0.24687501788139343 0.3521590232849121
7.0 0.054375000298023224 0.5377910137176514 0.09375 0.1337209939956665
8.0 0.760312020778656 0.5689369887113571 0.15187501907348633 0.23421898484230042
9.0 0.37187498807907104 0.5116279721260071 0.21375000476837158 0.22923600673675537
