0.0 0.4476275938985399 0.3057643317887406 0.2587112102296532 0.17101620337689963
1.0 0.24672323765551407 0.46317810133141135 0.1324814090528402 0.5385299460945834
2.0 0.3808528116468866 0.6965633325889431 0.22472399127856113 0.12772884027776454
3.0 0.926617686054716 0.6645034371748244 0.07704143045384004 0.21068496752927424
4.0 0.8562338245057431 0.44439144593540847 0.19055789340845508 0.16120568292320742
5.0 0.6286317878428187 0.7449280013555208 0.2071608280188103 0.11628414545964583
6.0 0.6482139564728282 0.5327994233715803 0.29210896017831045 0.43075508904641413
7.0 0.10041376494121926 0.3798508357664524 0.12678010772645337 0.1634702365071451
8.0 0.8290318559106615 0.6448511950792406 0.19031226935590706 0.3086240064516306
9.0 0.4313774380949383 0.4758866376734793 0.26065876433666524 0.29067327964001555
