0.0 0.4215629994869232 0.3409470021724701 0.2306249737739563 0.1004980206489563
1.0 0.24312501400709152 0.49501700699329376 0.03625001013278961 0.41362103819847107
2.0 0.41093797981739044 0.7117940187454224 0.19312497973442078 0.05814003944396973
3.0 0.8912500143051147 0.5797340273857117 0.03750002384185791 0.17607998847961426
4.0 0.8159369826316833 0.38164499402046204 0.1656249761581421 0.10215902328491211
5.0 0.6315630078315735 0.7047340273857117 0.18312501907348633 0.06561505794525146
6.0 0.6203129887580872 0.5058140158653259 0.22062504291534424 0.34551501274108887
7.0 0.12218800187110901 0.49709297716617584 0.08687499165534973 0.09551498293876648
8.0 0.7959370017051697 0.5884550213813782 0.14562499523162842 0.21677696704864502
9.0 0.422187015414238 0.4946010112762451 0.21312502026557922 0.20847201347351074
