0.0 0.39406201243400574 0.2927739918231964 0.2681249976158142 0.10880398750305176
1.0 0.20218700170516968 0.5083060264587402 0.043125003576278687 0.5963460206985474
2.0 0.3774999976158142 0.7192689776420593 0.22874999046325684 0.066444993019104
3.0 0.9434379935264587 0.5527409911155701 0.046875 0.21511602401733398
4.0 0.8509380221366882 0.3251659870147705 0.18812501430511475 0.12375402450561523
5.0 0.6487500071525574 0.7043190002441406 0.21875 0.08305597305297852
6.0 0.628125011920929 0.4754979908466339 0.2487499713897705 0.3862130045890808
7.0 0.06312499940395355 0.47342199087142944 0.09624999761581421 0.1295679807662964
8.0 0.8340629935264587 0.5469269752502441 0.15437495708465576 0.2715950012207031
9.0 0.39750000834465027 0.4684390276670456 0.22624999284744263 0.22923603653907776
