0.0 0.42215522571283703 0.39723432842564754 0.26722672021553096 0.12345997705806205
1.0 0.19637070415218594 0.623215934996294 0.05850841713109978 0.6006772032440151
2.0 0.41273003812002096 0.8243606358972602 0.22545103448930326 0.06893960386793185
3.0 0.9657785205301715 0.6615222005877315 0.03680433542896222 0.21818496217843975
4.0 0.8831145895677912 0.44065693447835663 0.19724168567946931 0.13421313561187426
5.0 0.6669048318413466 0.8171283567791388 0.21789337375562245 0.08005322443228369
7.0 0.08432988814198468 0.582487346611168 0.10989387314303271 0.13599420511945348
8.0 0.8667181330617059 0.6701265998687416 0.1732306271422963 0.28365485536892243
9.0 0.42855054059902264 0.567857909235319 0.25614738701450745 0.25784891737945426
6.0 0.6660415218541447 0.5906213665516201 0.2601815697991864 0.40527202848772226
