0.0 0.42449440146964146 0.4262900133329054 0.2566750569704987 0.11592174439736136
1.0 0.19126166815828147 0.6417779451011072 0.04671044256664353 0.5818037429653484
2.0 0.4155270063889335 0.8384897142151656 0.2213637405217786 0.07415344324535944
3.0 0.9556273269957949 0.667609763825822 0.038278131501244705 0.20792982952634764
4.0 0.85991920110378 0.46032730715099546 0.17622261646079362 0.119542762094978
5.0 0.6667659527050691 0.8214614760126808 0.20182521494365724 0.07194712922306545
6.0 0.6554911272853767 0.5986430720038867 0.23966002387729246 0.37021356689769097
7.0 0.10037136796371675 0.6079465528310098 0.11615299893245748 0.14198902727767715
8.0 0.8528575908996061 0.6767942058150329 0.16106106167594625 0.2430097930170515
9.0 0.43637719870159536 0.5909607601468861 0.23842743082372542 0.24975292568053153
