1.0 0.11247663247867579 0.6742481307901071 0.12863640425574596 0.5275771072130693
7.0 0.02811924344072814 0.6168277732611605 0.05623848688145628 0.16493511919737747
9.0 0.3566539372509438 0.536391197691485 0.30311369922435427 0.3131531995224016
0.0 0.3295013235087157 0.3724533816087462 0.2844853340707867 0.15092521861185043
4.0 0.805541404534748 0.2852479196922308 0.21691645794052727 0.1680556197770676
5.0 0.6399588820501476 0.7111598496230394 0.22782285469648678 0.11480916777354622
2.0 0.36578294718561305 0.782528249650331 0.23942279957099522 0.11295677399770687
3.0 0.9530539181087412 0.4822838393409848 0.0672035626834645 0.22943575429609775
8.0 0.8416313685312071 0.5196304004477681 0.22601719798667486 0.3342247916392412
6.0 0.597721093328863 0.4850615952256502 0.33219550106801343 0.46536369499345515
