0.0 0.37343699485063553 0.3554820120334625 0.2668750137090683 0.10465097427368164
1.0 0.17749999463558197 0.5851330310106277 0.05125001072883606 0.5855480134487152
2.0 0.3737500011920929 0.7882059812545776 0.22874999046325684 0.06312298774719238
3.0 0.9503129720687866 0.5959299802780151 0.036875009536743164 0.21677696704864502
4.0 0.8368750214576721 0.3795680105686188 0.19749999046325684 0.11461800336837769
5.0 0.6378129720687866 0.7699339985847473 0.21687495708465576 0.07142901420593262
6.0 0.6225000023841858 0.5369600057601929 0.26499998569488525 0.4011629819869995
7.0 0.04062499850988388 0.5265780091285706 0.07999999821186066 0.14451801776885986
8.0 0.8343750238418579 0.5959299802780151 0.17624998092651367 0.283223032951355
9.0 0.3831249922513962 0.5319769978523254 0.24249997735023499 0.24169397354125977
