1.0 0.13202161867496695 0.5342207507855947 0.08472224013931462 0.564209807570403
9.0 0.3565398606972915 0.5272214183735141 0.2491267618735202 0.2628400076776574
0.0 0.35781122216724004 0.3599936411334297 0.25441369330139635 0.13193196816619573
4.0 0.7885069815941563 0.44535604499978754 0.1961277730654688 0.14198250061160733
3.0 0.8692540755949252 0.6692537675486974 0.051557080548250034 0.2138640754868094
8.0 0.7665234822226787 0.6652847689773629 0.1868683521357577 0.30913959237935684
5.0 0.5660283701194098 0.7803379733991236 0.20218956369224883 0.09293591051960537
2.0 0.32063973771479104 0.7565258624298751 0.2145454579263603 0.08562537777356738
6.0 0.5692084761313733 0.5557610756785147 0.2681184768601436 0.4134049026406284
7.0 0.04327779303148994 0.49995468940419646 0.08655558606297988 0.15172029038394796
