0.0 0.4199082967278777 0.3509471868955872 0.26692753504973565 0.18394837699472755
1.0 0.14529618697635616 0.4792732974310748 0.1469571814912396 0.5424844050807084
2.0 0.3422804475292614 0.7475768154219504 0.23286463374378555 0.14959493996418505
3.0 0.9128646184746307 0.75045672651357 0.0800521646404323 0.23824297293043994
4.0 0.8351830260429893 0.5014615261024706 0.2018994129281232 0.17084556645596988
5.0 0.5922973200671288 0.8083153821126798 0.22659810978446426 0.14672596431473073
6.0 0.6270230954887217 0.5930408932048369 0.30593975573521914 0.43941334899274787
8.0 0.8090084318284643 0.7182767604752779 0.20628822603006525 0.3217817003061809
7.0 0.06600889598833234 0.4185637960843994 0.1320177919766647 0.19154420872437744
9.0 0.39903549369932934 0.5161100729316601 0.2839428490641227 0.3118809284358085
