0.0 0.4215629994869232 0.2882060110569 0.27812498807907104 0.11960101127624512
1.0 0.2278130054473877 0.5261629968881607 0.046875 0.61046501994133
2.0 0.42093798518180847 0.7259140014648438 0.2368749976158142 0.07308995723724365
3.0 0.9821869730949402 0.534883975982666 0.03562498092651367 0.2192690372467041
4.0 0.8890619874000549 0.3110469877719879 0.1956249475479126 0.1337209939956665
5.0 0.6899999976158142 0.7022429704666138 0.21625006198883057 0.07558095455169678
6.0 0.6715620160102844 0.4692690074443817 0.2618750333786011 0.4019929766654968
7.0 0.0828119944781065 0.4896180033683777 0.11562499776482582 0.1470099687576294
8.0 0.8759379982948303 0.5336380004882812 0.16187500953674316 0.2998340129852295
9.0 0.43812501430511475 0.46636199951171875 0.24000000953674316 0.24169397354125977
