1.0 0.18868003543182787 0.587224310157667 0.06515423186997005 0.6157913475398871
7.0 0.05370324833521538 0.5713117227019099 0.10740649667043076 0.1674103052103238
9.0 0.41569444176029396 0.5349403294107227 0.25672708958583856 0.2584025898451913
2.0 0.4050655104123533 0.7882237382344228 0.22423525464666555 0.07436651966577335
0.0 0.3952727177365182 0.35982603123264334 0.2725063023294385 0.1233942275886874
4.0 0.8638199876245718 0.37084296886485435 0.19735512764179786 0.13255028139183506
3.0 0.9649510113806214 0.5768824098519856 0.035861141336825164 0.21238653198453322
8.0 0.8585719712680595 0.6059608754539221 0.17857231412874286 0.2914199529478081
5.0 0.6665843288340967 0.7594108806422688 0.2100518169605321 0.07939222160930604
6.0 0.6391622770225367 0.5298152752321041 0.2682872350165453 0.4106423575918894
