1.0 0.17365003726655365 0.5718861550998802 0.05188575101003054 0.6175121666484369
9.0 0.4037924882216854 0.5037999949389832 0.24906428560920657 0.25204129133262304
2.0 0.38441111103374914 0.7555072951849573 0.2275241728049338 0.07036737024889994
7.0 0.050466495474960585 0.5289865983778623 0.10093299094992117 0.16078175725909627
0.0 0.3883084615333918 0.32866999953289444 0.26532991404579115 0.11416345122135341
4.0 0.844922375653113 0.33597789818551155 0.19453838233364829 0.1304450837908978
3.0 0.9530987894837799 0.5597958250573827 0.03655869031786885 0.21129867170879735
8.0 0.8490669464956356 0.5771997228330418 0.1792689377756327 0.2849512510486152
5.0 0.651486656450802 0.7312473038764935 0.212735111971315 0.07890709496459236
6.0 0.6297226109483852 0.49903107616102754 0.2682103314173081 0.41039550838277405
