0.0 0.415382436675147 0.32708925613508255 0.2610991852674541 0.14695815766425296
1.0 0.23831295150453385 0.509067653529442 0.10883633735147669 0.539631801651135
2.0 0.374125904101105 0.7165582904301002 0.21570438123064456 0.0995834036323554
3.0 0.9101610261359677 0.6218592611760385 0.06554668231443972 0.22021076813296836
4.0 0.832775153684067 0.40286431121739996 0.192223380467206 0.15399877058926043
5.0 0.6215163071577194 0.7318733457700042 0.2069451732898957 0.09729627987338796
6.0 0.6270326475150827 0.518893695203803 0.27500056791919714 0.39494847571074204
7.0 0.09856948294721812 0.4583110581381601 0.11860529881395122 0.14970031513096654
8.0 0.8151687686659908 0.6138057352427427 0.18009773920987227 0.2954529022073082
9.0 0.4128109201378894 0.4827962238045571 0.24196004964034235 0.25966522234408923
