1.0 0.24000674962096025 0.47221286745701907 0.13647251579332512 0.5668873074090983
9.0 0.4224144876282071 0.48628281785513333 0.2718643130141145 0.30159481926970455
0.0 0.44352069730803106 0.3246933161245922 0.2568992464688832 0.16781531674318995
7.0 0.08806784812609846 0.39409458468567377 0.14541907729311723 0.19142056822355213
8.0 0.8184182290679728 0.6960312256897464 0.20208188354446488 0.3099627868644217
3.0 0.919121448201695 0.7100077633876953 0.06816719662249826 0.2056982651788526
5.0 0.6107291127691625 0.7772002731403133 0.20586774903382532 0.12314319357711878
2.0 0.3692658774555706 0.716965018340319 0.22148985399886628 0.13050394338176385
6.0 0.638231437006712 0.5599731035308708 0.3104919999689997 0.4461117445824726
4.0 0.8633650227767127 0.4819182872405458 0.18216000032818858 0.16167830852721987
