0.0 0.4012500047683716 0.325996994972229 0.22874999046325684 0.09385401010513306
1.0 0.1899999976158142 0.5041530132293701 0.04500001668930054 0.4202660322189331
2.0 0.390625 0.6889529824256897 0.2162500023841858 0.06229197978973389
3.0 0.8940619826316833 0.5278239846229553 0.049375057220458984 0.19019901752471924
4.0 0.8018749952316284 0.34842199087142944 0.16875004768371582 0.10548198223114014
5.0 0.6309379935264587 0.6872919797897339 0.19812500476837158 0.06893706321716309
6.0 0.6184369921684265 0.47965100407600403 0.23187506198883057 0.34302300214767456
7.0 0.10750000178813934 0.5004150420427322 0.08875000476837158 0.10382100939750671
8.0 0.8009369969367981 0.5460960417985916 0.16187500953674316 0.2549830377101898
9.0 0.4099999964237213 0.47051501274108887 0.2212499976158142 0.21511602401733398
