1.0 0.14676529515719233 0.48763785703249096 0.13595327214008457 0.6603476983087218
7.0 0.03717607852959545 0.4279773041928792 0.0743521570591909 0.1790589968207107
9.0 0.38640228954693234 0.4958001634374186 0.283178808578618 0.3122282444010214
2.0 0.32895378439774603 0.7526703590172463 0.22967938547041294 0.1162576876469057
0.0 0.3997888402090577 0.30895591647133247 0.2876485175122092 0.17809675752762383
4.0 0.8698454588431026 0.45188291331599795 0.21343954659965436 0.1805692239220858
3.0 0.9456862615460355 0.7153943593785953 0.06281981392860814 0.23214192333131956
8.0 0.8308580583386185 0.7020060426959793 0.22709275841990795 0.34208757062795725
5.0 0.5999689040494189 0.8038512814410683 0.22421025089161117 0.12352528770824922
6.0 0.6186668622224923 0.5621263008436221 0.32349719703865865 0.4781290328867265
