0.0 0.39637712842445616 0.4031388316538261 0.2749071234343057 0.15204165458931918
1.0 0.13122361225129583 0.5911626002279164 0.07264104072873577 0.5818963152341667
2.0 0.3604838442612466 0.8411332292211436 0.23748300809461526 0.10518189217309115
3.0 0.9530739145583057 0.7537146295526701 0.045253683313083215 0.2341044089608071
4.0 0.879835173324053 0.5009946910072038 0.22676297940265389 0.15052072602574273
5.0 0.6224699011617884 0.8703981048658676 0.22045922198411194 0.12003581258054152
6.0 0.6259568739475199 0.6255497152903998 0.28412706432180146 0.45069710848004646
7.0 0.057436103335350444 0.5507777678363227 0.10237469381206915 0.1581797105974369
8.0 0.8390013085622836 0.7412241527623391 0.19629094910690492 0.3176087916996374
9.0 0.39322758746966624 0.5839908584025792 0.2579266606454665 0.253450881640854
