0.0 0.3767568378051922 0.3574753153716365 0.2749859102127636 0.18657241306611538
1.0 0.1855846437931254 0.6512334842402364 0.13114786409943935 0.5038913775060807
2.0 0.44635323979604946 0.7925202018184233 0.24108479708664832 0.13896572351556613
3.0 0.9599828296933717 0.44226876609745713 0.08003434061325665 0.2187296814325787
4.0 0.8271393699332309 0.2648961830114025 0.1979250916152424 0.17167827990708376
5.0 0.6982139435204836 0.6874920049508888 0.22611312502807324 0.12929017089048844
6.0 0.6471250386621663 0.46503887496580326 0.32050792209072604 0.4553075265239873
7.0 0.06562045977244106 0.6682952843632082 0.11318560071072416 0.1453021865712062
8.0 0.8562282212488734 0.487649135074811 0.20421858268572657 0.3161011351138081
9.0 0.41486293259113544 0.5309578902289526 0.2717671938716647 0.3189929825485949
