0.0 0.3835713121582656 0.5618371183416776 0.2757955772903039 0.15780721845178353
1.0 0.17841562475624329 0.7969176714486657 0.10768939804348869 0.4061646571026687
2.0 0.4293080988414355 0.9548803614409261 0.22549158558106736 0.09023927711814772
3.0 0.9631423060834318 0.6746963370337513 0.05702798632603123 0.20960163611768368
4.0 0.8361549594236521 0.4890796697022846 0.2004588508447286 0.15268142646546223
5.0 0.6763065082360509 0.8939756568968132 0.21233016614460765 0.10466877225132443
6.0 0.6407129161461341 0.6785828705250053 0.29431011685426234 0.41953711588419834
7.0 0.07590280358458353 0.8085289524757868 0.10365493483569672 0.14953406102093791
8.0 0.8605664707489942 0.6899700453148568 0.19543720631131312 0.3006253068272937
9.0 0.4055076807979441 0.7333999759028467 0.2617755795189489 0.2854728538425425
