0.0 0.402078553529935 0.26355540349266277 0.26019018732803734 0.13676185233996307
1.0 0.23784567695732 0.480841068044196 0.071514031191906 0.5600142450193282
2.0 0.40758541293605444 0.6761673017091996 0.2179798365120667 0.07988531866533799
3.0 0.925584495190081 0.4757934165649105 0.04784579520987631 0.20526817028378336
4.0 0.8313316037755535 0.2669432835969736 0.1836105230204388 0.13519242932291536
5.0 0.6564235035253668 0.6393356568681792 0.21597332620982113 0.09130913287082232
6.0 0.6383361283163821 0.42564473077453235 0.25688809810776037 0.3977408392186068
7.0 0.08531364496419531 0.4635001913797995 0.11875813192033732 0.16094937928270964
8.0 0.8321387348959172 0.48649621118019204 0.17298649349799677 0.2815471441836537
9.0 0.4204281701627137 0.43147310017129126 0.2540283792733924 0.2561686821871673
