0.0 0.3683445137635001 0.28410521280188095 0.27413159294470213 0.19872045481700887
1.0 0.19170000849567972 0.5742254911204335 0.14747586408538854 0.5774142171376708
2.0 0.4305613697441487 0.7058680871809934 0.22651523332389917 0.1317637671417926
3.0 0.938412259232507 0.38460088777270834 0.08203292209292201 0.22859473204564362
4.0 0.8161668220725715 0.20115005145020515 0.1980051141220085 0.17666336704351937
5.0 0.6787517170812054 0.6209628147237656 0.23206171079819093 0.14342683343917606
6.0 0.6300503661300703 0.39990181804843483 0.31336325871373594 0.4691679668107592
7.0 0.0764731556166331 0.5768956281745601 0.12700036849988275 0.14178877961354575
8.0 0.8405682130223221 0.4175937559013836 0.19768462590582914 0.32034801783806627
9.0 0.40147720914656415 0.45290796855388293 0.2715543520198234 0.2983194907288267
