1.0 0.10374999791383743 0.5535709857940674 0.03875000774860382 0.6054819822311401
7.0 0.03218799829483032 0.5170270055532455 0.06312499940395355 0.1636209785938263
9.0 0.3668749928474426 0.5024920105934143 0.2524999976158142 0.2508310079574585
2.0 0.34843799471855164 0.7537379860877991 0.22687500715255737 0.06063103675842285
5.0 0.621874988079071 0.7429400086402893 0.2174999713897705 0.07059800624847412
8.0 0.8343750238418579 0.585547998547554 0.18250000476837158 0.29402002692222595
3.0 0.9315620064735413 0.5735049694776535 0.0393749475479126 0.2134549915790558
4.0 0.8171870112419128 0.35008299350738525 0.19062495231628418 0.1187710165977478
6.0 0.6053130030632019 0.507889986038208 0.2718750238418579 0.4011629819869995
0.0 0.356563001871109 0.32807299494743347 0.2681249976158142 0.09634602069854736
