0.0 0.3631249964237213 0.3504979908466339 0.2549999952316284 0.10963499546051025
1.0 0.12406300380825996 0.5614619851112366 0.033125005662441254 0.5847179889678955
2.0 0.3449999988079071 0.7686880230903625 0.22624999284744263 0.05730903148651123
3.0 0.9081249833106995 0.6013290286064148 0.03624999523162842 0.2192690372467041
4.0 0.8065620064735413 0.38496699929237366 0.18562495708465576 0.1187710165977478
5.0 0.6071869730949402 0.7516610026359558 0.2043750286102295 0.07807302474975586
6.0 0.590624988079071 0.5299000144004822 0.24625003337860107 0.37707602977752686
7.0 0.04593700170516968 0.5224249958992004 0.09062500298023224 0.132889986038208
8.0 0.8009369969367981 0.5930230021476746 0.16312503814697266 0.267441987991333
9.0 0.3646869957447052 0.5224249809980392 0.22687500715255737 0.22757497429847717
