0.0 0.38407929959198706 0.37763305041429773 0.27649152659217974 0.15339957011835786
1.0 0.13385254685929085 0.5495767479773306 0.09699503721447555 0.5599072110419547
2.0 0.34984253355763906 0.8009473420591845 0.22236244400011212 0.10083285962822486
3.0 0.9239150570910795 0.7154731106938352 0.05664173692190255 0.23771361684072512
4.0 0.8432324657151282 0.4717269889907443 0.21893504124708418 0.1636472660563868
5.0 0.5985569322516884 0.8198920140770922 0.21766697606448537 0.10935731278549032
6.0 0.6067689770456075 0.5845246931581753 0.2887793381126615 0.4512094922187168
7.0 0.05670212227290735 0.5124819050668089 0.1134042445458147 0.1724284190924461
8.0 0.8085485917396891 0.69917789070977 0.19493650258981043 0.32463009923651565
9.0 0.37045754780683526 0.5480137522877672 0.27274520419332055 0.2794675069138066
