0.0 0.45183526041906996 0.3866009988853966 0.22412728223785522 0.08268378058563053
1.0 0.298143541421515 0.6115927203954326 0.08150352372266528 0.4524187617450839
2.0 0.46959640187365315 0.718206289275524 0.20109718815364025 0.09407913286424452
3.0 0.9353294751706316 0.49240900759370776 0.05820345284349859 0.19524225197981115
4.0 0.8299423634896379 0.3400017325395521 0.17616467059686614 0.1198948419154558
5.0 0.6951279801655228 0.6738128573044104 0.19321970350629514 0.09540053006842963
6.0 0.6689274434506056 0.48626388024751754 0.26349797260546637 0.34868955866303897
7.0 0.17272411427635734 0.5610438139308132 0.09725581434095833 0.13145388265817542
8.0 0.851831172397497 0.513131353886876 0.1591393761459915 0.26600746521049784
9.0 0.46498136917407584 0.5100239543092513 0.22747465249288545 0.23008096350060303
