1.0 0.1418750025331974 0.5469269752502441 0.04750000685453415 0.617110013961792
9.0 0.4074999988079071 0.5091360211372375 0.24250000715255737 0.2491689920425415
2.0 0.3771879971027374 0.7641199827194214 0.22312498092651367 0.06146204471588135
0.0 0.39156201481819153 0.3297339975833893 0.2681249976158142 0.10797297954559326
7.0 0.04374999925494194 0.5224249958992004 0.08624999970197678 0.15780699253082275
6.0 0.6334369778633118 0.5153650045394897 0.2643749713897705 0.4011629819869995
4.0 0.8725000023841858 0.36835500597953796 0.20375001430511475 0.12209302186965942
3.0 0.963437020778656 0.5946840047836304 0.02812504768371582 0.2192690372467041
8.0 0.8525000214576721 0.6083890348672867 0.17375004291534424 0.29318901896476746
5.0 0.6471880078315735 0.7570599913597107 0.2093750238418579 0.07392001152038574
