0.0 0.42028319297665917 0.3733748465832093 0.26847215145891196 0.1863988513678167
1.0 0.25656675338433377 0.6111983345111831 0.1078963897094724 0.5664449697916041
2.0 0.43537587504932274 0.7905517474769816 0.23660286286819088 0.1290254235926327
3.0 0.9684134615731159 0.5348502107372984 0.05264514937366738 0.22452765198357727
7.0 0.1209683849295633 0.5936323219058662 0.1224733938617898 0.16808778864512242
9.0 0.4412783715512169 0.5414251824946074 0.2561986777308346 0.2707646845807632
5.0 0.6916704101054907 0.7299007553017137 0.215161770838051 0.12701993894152652
6.0 0.6626741997579719 0.5124881122258794 0.28415591587155 0.4412813447410431
8.0 0.8727028420098659 0.5585687495425269 0.20418269417285873 0.31643635463756914
4.0 0.8603975727704682 0.3348799489284774 0.19135122547083283 0.1598421853818936
