8.0 0.1965630054473877 0.6000829935073853 0.04187500476837158 0.517441987991333
2.0 0.4143749922513962 0.7591360211372375 0.21124997735023499 0.06478404998779297
6.0 0.6540619730949402 0.5352990031242371 0.25062501430511475 0.3662790060043335
4.0 0.8471869826316833 0.3961789906024933 0.17437493801116943 0.10465097427368164
3.0 0.9540629982948303 0.5930230021476746 0.03562498092651367 0.1960129737854004
8.0 0.862500011920929 0.607142984867096 0.16624999046325684 0.2541530132293701
5.0 0.666562020778656 0.7425249814987183 0.19812500476837158 0.05980098247528076
9.0 0.43406298756599426 0.5365449637174606 0.24312502145767212 0.22757497429847717
0.0 0.422187015414238 0.3783220052719116 0.24437502026557922 0.09219300746917725
7.0 0.09000000357627869 0.5494189858436584 0.1237500011920929 0.15365397930145264
