0.0 0.38085681909548197 0.4538064498983102 0.28926699939202666 0.19894062703193938
1.0 0.2033524022917213 0.7229513190160637 0.1398128279758247 0.5540973619678725
2.0 0.44755767375144634 0.8670438721684317 0.24300595160626648 0.14300269911786467
3.0 0.9667325564234996 0.5136020182654696 0.06653488715300071 0.25186636433728804
4.0 0.8323676481668933 0.3376155193803908 0.21956531958054892 0.20382560974033287
5.0 0.6927120194871458 0.7724921107711107 0.22082797981944968 0.12303876559656934
9.0 0.41307288392809 0.6182383371611234 0.2873030919174354 0.3152705351794192
7.0 0.09290336592478131 0.7356291638621067 0.14250212287078076 0.17275922230004825
8.0 0.8655931888329824 0.5665915177780804 0.22761962167016125 0.31919900769237053
6.0 0.6457960183631879 0.5453654436965105 0.31116764162904237 0.45165841475214674
