1.0 0.20559280812290298 0.6702967412013915 0.05417295698695032 0.5867156651043652
7.0 0.060231077859885934 0.6322285819947165 0.10368758246225862 0.14996884942428967
9.0 0.3973969962130004 0.6072979355552244 0.23887927455679314 0.2419437967361283
2.0 0.3840892861461711 0.8577536891149461 0.2209611845958548 0.06712434492403063
0.0 0.37985344624042416 0.4370937529599974 0.25351000155895154 0.10875515885150433
6.0 0.6161136438779697 0.6020722640610494 0.2639476213300066 0.3962254107864485
5.0 0.6365335118331841 0.8320061715271353 0.20920040880296975 0.0734163593701107
4.0 0.8348113594221136 0.4464769011793001 0.19194247469045822 0.12436241409637028
3.0 0.9431942869218091 0.6655008366239724 0.0378726066604258 0.2102670055587208
8.0 0.8393180671816334 0.6781289725854891 0.19100394513760566 0.2919839219780287
