0.0 0.3758330820507769 0.3869828676880777 0.24566872514968985 0.10925944956940215
1.0 0.1622994871544573 0.613674684584151 0.05187033127150009 0.5671700478365231
2.0 0.37532001980992336 0.793165915363274 0.21680982731076098 0.07090092793031921
3.0 0.9253678857687102 0.6091778049436922 0.04087937670824349 0.21097831490704477
4.0 0.820345557044661 0.39784232954621773 0.2017937589012858 0.13987393512386548
5.0 0.6237924592380322 0.7709255305991654 0.2068226728358491 0.07884802703300176
6.0 0.6045024380134376 0.5477454771348172 0.26133733263449205 0.3867774455020165
7.0 0.05609365223967901 0.5784554812810634 0.10117095921087832 0.14255933144304167
8.0 0.8181797251610232 0.6228151543728202 0.18201742186190906 0.28336810657535616
9.0 0.38843802084451695 0.549109527909099 0.22309466727097993 0.22983317698532402
