0.0 0.5146870017051697 0.42583298683166504 0.19187498092651367 0.09833300113677979
1.0 0.34437501430511475 0.5912500023841858 0.03125 0.3591669797897339
2.0 0.5062500238418579 0.7733330130577087 0.17750000953674316 0.0733330249786377
3.0 0.909375011920929 0.6312500238418579 0.03250002861022949 0.18083298206329346
4.0 0.846875011920929 0.46125002205371857 0.12374997138977051 0.11583301424980164
5.0 0.7043750286102295 0.7641670107841492 0.16999995708465576 0.06833302974700928
6.0 0.6934379935264587 0.5708330273628235 0.20062506198883057 0.321666955947876
7.0 0.2696880102157593 0.5716670155525208 0.08062499761581421 0.11166703701019287
8.0 0.8418750166893005 0.6404169797897339 0.11000001430511475 0.22749996185302734
9.0 0.5153120011091232 0.5549999922513962 0.18562498688697815 0.19166699051856995
