0.0 0.40357633704123297 0.4765925638409742 0.2731684098598548 0.1901594443395146
1.0 0.24658565832621404 0.732500803051504 0.15129238559123184 0.5320217826851392
2.0 0.45068564324929045 0.8839781800606384 0.25260953516769413 0.1455392536182991
3.0 0.9789900944651835 0.5321267161290121 0.04201981106963293 0.24869085067329588
4.0 0.8646494917254913 0.3668389433573107 0.2296657779389093 0.19836407831418074
5.0 0.7216836878469924 0.7984180361871172 0.22425963521177628 0.15344867340882773
6.0 0.6795952907875226 0.5821583795425319 0.3183890793389572 0.4624987803985479
7.0 0.08693748218709434 0.7614607481594338 0.12236316026774621 0.17600535776264659
8.0 0.8912773862502826 0.5864556752877182 0.21744522749943473 0.34339503695342105
9.0 0.42944133082295677 0.6370288325655383 0.31224044394408906 0.3230559692147163
