0.0 0.3803120031952858 0.3023259937763214 0.2643750160932541 0.10298997163772583
1.0 0.18125000596046448 0.5203490257263184 0.04500001668930054 0.6270760297775269
2.0 0.3746879994869232 0.7292360067367554 0.22812503576278687 0.05814003944396973
3.0 0.9446880221366882 0.5506640076637268 0.04187500476837158 0.22425198554992676
4.0 0.8393750190734863 0.33098000288009644 0.1875 0.12043201923370361
5.0 0.6321880221366882 0.7155320048332214 0.21687495708465576 0.07392001152038574
6.0 0.6278120428323746 0.48629599809646606 0.25812503695487976 0.3961789608001709
7.0 0.041875001043081284 0.48131202161312103 0.08250000327825546 0.13039901852607727
8.0 0.8396880030632019 0.5598009824752808 0.15437495708465576 0.27076399326324463
9.0 0.3884369879961014 0.48131200671195984 0.23937496542930603 0.23837202787399292
