0.0 0.400836870346328 0.28865972363884773 0.2597496827886672 0.1787364699165917
1.0 0.15663473300565114 0.4316693699369253 0.11444945938934513 0.4427327358905084
2.0 0.3210780621837148 0.6703230760112041 0.21107963497030596 0.12622223903746543
3.0 0.872920874068202 0.707412441505672 0.06469167381238317 0.21144388689822402
4.0 0.8176652885189877 0.46514585183557244 0.2085027407732556 0.1759318619401305
5.0 0.5560416107999535 0.7433365926015328 0.20755895504579508 0.14074863498308332
6.0 0.5788617741823577 0.5302917461808143 0.29177614958256487 0.4306345534716064
7.0 0.07586337091021524 0.3673017123946032 0.10914151492143756 0.12775410182343183
8.0 0.7657860067408714 0.686132716517935 0.19988430472485064 0.2829118317229352
9.0 0.3819070533268595 0.44931118927028113 0.26093253266657795 0.27761546148380023
