0.0 0.38749998807907104 0.32777801156044006 0.2583329677581787 0.10000002384185791
1.0 0.17777800559997559 0.5499999970197678 0.044443994760513306 0.5740739405155182
2.0 0.3680559992790222 0.7481480240821838 0.21944403648376465 0.05925905704498291
3.0 0.9291669726371765 0.5870370268821716 0.03611099720001221 0.21851897239685059
4.0 0.8319439888000488 0.3703700006008148 0.17499995231628418 0.11851900815963745
5.0 0.6333330273628235 0.742592990398407 0.2111109495162964 0.07777798175811768
6.0 0.6152780205011368 0.5092589855194092 0.252778023481369 0.39629602432250977
7.0 0.051389001309871674 0.49444401264190674 0.09166699647903442 0.1296299695968628
8.0 0.8277779817581177 0.5777779817581177 0.15555596351623535 0.2740739583969116
9.0 0.3930560052394867 0.5037040114402771 0.2416669726371765 0.2222219705581665
