0.0 0.41249997913837433 0.32558101415634155 0.26499995589256287 0.10631197690963745
1.0 0.20499999821186066 0.54277403652668 0.043749988079071045 0.6004980504512787
2.0 0.40718701481819153 0.7512459754943848 0.22812503576278687 0.06395304203033447
3.0 0.958437979221344 0.5730900168418884 0.031875014305114746 0.20764100551605225
4.0 0.8578119874000549 0.3662790060043335 0.18312501907348633 0.11129599809646606
5.0 0.6618750095367432 0.7304819822311401 0.20749998092651367 0.06395304203033447
6.0 0.6453120112419128 0.5053989887237549 0.24937498569488525 0.3795679807662964
7.0 0.07968700118362904 0.509551003575325 0.09937500581145287 0.1353820264339447
8.0 0.8493750095367432 0.5710129737854004 0.16374993324279785 0.2649500370025635
9.0 0.42249999940395355 0.4991689920425415 0.22749999165534973 0.22425198554992676
