0.0 0.38343700766563416 0.4049000144004822 0.25312501192092896 0.09385401010513306
1.0 0.15062500536441803 0.6216779947280884 0.05750000476837158 0.583886981010437
2.0 0.372188001871109 0.8309800028800964 0.22312498092651367 0.06561505794525146
3.0 0.9387500286102295 0.6544849872589111 0.0387500524520874 0.20930194854736328
4.0 0.8253129720687866 0.4397839903831482 0.19062495231628418 0.1187710165977478
5.0 0.6368749737739563 0.8181059956550598 0.21500003337860107 0.06810605525970459
6.0 0.6175000071525574 0.583886981010437 0.2487499713897705 0.39202702045440674
7.0 0.05249999836087227 0.5693519711494446 0.10374999791383743 0.1337209939956665
8.0 0.8259369730949402 0.6569769978523254 0.16312503814697266 0.267441987991333
9.0 0.39281298220157623 0.5797340124845505 0.24562498927116394 0.23421898484230042
