0.0 0.44727801816290613 0.28897043734410327 0.26610846749544775 0.1944555813007157
1.0 0.23151872678603094 0.4318755149427632 0.14308829276578888 0.5632214293889428
2.0 0.3629221727556504 0.6773469687058182 0.22655038300909466 0.13939929984360033
3.0 0.9195085511737875 0.6972959402058037 0.08082573416818539 0.2224399994999452
4.0 0.8649504858043424 0.461829995121098 0.19378541948403283 0.1630106387376798
5.0 0.6079296674739488 0.7531686652673472 0.2256210456771977 0.15060034179908888
6.0 0.6382009554591993 0.529740088184044 0.3137138375616413 0.4610422030154889
7.0 0.10203380684143136 0.3557969333102212 0.12533292617603078 0.18023429433640736
8.0 0.8165552116637027 0.6732875538820313 0.19738554925020235 0.3027219898563682
9.0 0.4223531817513 0.45777671835968997 0.2616719089379689 0.2880453226847285
