0.0 0.3745988119482476 0.3160512340516872 0.2665385483155076 0.15615862337439537
1.0 0.20636858886560344 0.5779906936196231 0.11143273073357499 0.5924612721291825
7.0 0.062248034477350694 0.5774111661232971 0.11841399344724104 0.16715804291636238
2.0 0.41887329404941065 0.7384849105204678 0.2349603039266619 0.116993504703652
3.0 0.9632397597467119 0.44149795789297236 0.07001151541551709 0.22110358136767438
4.0 0.8333832207018531 0.23743591909891315 0.21185937367945717 0.16467242357020573
9.0 0.3993036221172824 0.4837307534490122 0.28667353815720265 0.2878874388165374
6.0 0.634260048036986 0.443327048712765 0.29506312375903854 0.4389978156835067
5.0 0.6749171188443185 0.6662190037772695 0.2243817049839869 0.11973066785302344
8.0 0.8529168358511974 0.47204540842167786 0.2063959046376047 0.31626895363866897
