0.0 0.3837043844419128 0.40478942050453326 0.25507611308392125 0.11475972531803125
1.0 0.1724401318593126 0.6005750128087469 0.05311179934416721 0.5670499558181741
2.0 0.36368577520767653 0.79362811642037 0.2146235144806629 0.07141220808252557
3.0 0.909084615944804 0.6500796921790486 0.03837243936693502 0.199934010377821
4.0 0.8085829502851432 0.45463293253868364 0.18587653018885808 0.11648821962244682
5.0 0.6102487242221235 0.7993731877552575 0.20043380665251187 0.07737838267036012
6.0 0.6031865735571266 0.582545313243714 0.25389934247354584 0.3758441264167905
7.0 0.05270373195878848 0.5616461825346363 0.10540746391757697 0.13523884123322877
8.0 0.8045793541771258 0.664293741458372 0.1657266080034976 0.27388516392068407
9.0 0.38081296105944734 0.5725322797894987 0.22398468815393013 0.23599619548556455
