0.0 0.39029470359838003 0.32282640222098663 0.2621061637295721 0.11516914529512545
1.0 0.17347091660350591 0.5234126348661429 0.0635507503944659 0.5651132116666313
2.0 0.3603325640881612 0.7364801106677139 0.22087761752245075 0.06916415016588406
3.0 0.927305828324787 0.6051024839824111 0.03588567162877021 0.2081752339727707
4.0 0.83569600143432 0.38562218837840634 0.18006890128466224 0.12511737313625237
5.0 0.6224729155597719 0.7447263439477521 0.2130431934555752 0.0787131339833037
6.0 0.6194584293580606 0.5110168463944993 0.2701960476900893 0.398188029942091
7.0 0.047173482712144874 0.4671672500922283 0.09166755819588829 0.13060037136528335
8.0 0.8243144415164054 0.5978249800030542 0.16290702594664042 0.28834736171196396
9.0 0.3902097418757492 0.4898864969604684 0.25125267544535146 0.23727937109244085
