1.0 0.24031181953881026 0.4660776126026681 0.09810716798704766 0.5761819672431594
7.0 0.10480141046613392 0.4007710180639086 0.12044721031088286 0.16916068363763276
2.0 0.39428625545051155 0.6802757400537846 0.2100915877744618 0.10002860647446665
0.0 0.4511055207363057 0.2896998056304328 0.2529119825171633 0.14783491944297786
4.0 0.877833879672713 0.39513736036827185 0.19795680969851048 0.15388845816571256
3.0 0.9562448865447389 0.618386728593508 0.055234507541065625 0.21337190973239628
8.0 0.8514973935652428 0.6200111583725374 0.20634066781578864 0.305000622955904
5.0 0.64577776921229 0.7197212074675137 0.20532888090867463 0.10069771005181305
6.0 0.6521358766362253 0.49553235182388145 0.2788152635790655 0.41810850138341865
9.0 0.44214807017946867 0.4550226196538534 0.2484723062811936 0.27070828089293136
