0.0 0.35373544687189123 0.37687139886518295 0.28217214668409607 0.1792311236373531
1.0 0.0735424893967886 0.5242737127805475 0.13947939508399856 0.5159117841991392
2.0 0.27003511269607716 0.7973431120509482 0.237034271529879 0.13217348419087172
3.0 0.8791096187006655 0.8026853935130245 0.07021580509145231 0.2158066050970987
4.0 0.8118750418325114 0.5504575624727246 0.2104288803772597 0.17253233878472168
5.0 0.531605538487471 0.8506640460825052 0.2159280602240834 0.12320834167589867
6.0 0.5585817660271077 0.6248355534285602 0.32477005134038855 0.461750690107428
7.0 0.0248232877816288 0.4412991782500135 0.0496465755632576 0.15128494510022478
8.0 0.7664424409172358 0.7627612820015559 0.22850067240828031 0.34058923796130525
9.0 0.3189292967069708 0.5460062077470378 0.30064822006400443 0.32074045004660634
