1.0 0.20059412214179612 0.5704804339178282 0.11067936197435335 0.5646679796878293
7.0 0.1056974810642202 0.5550718879832441 0.10947608234746348 0.16243087405366224
9.0 0.4216185813406236 0.477448234129663 0.25339026329677083 0.26758535306566517
0.0 0.39229095883918663 0.3168620589516467 0.2534410500719757 0.1524098407234543
4.0 0.8215268874947642 0.24749229607607287 0.20568358875141257 0.1621582138412553
3.0 0.9518278648443546 0.44106225395275545 0.05777163686109266 0.21099735023722266
8.0 0.8432964127256823 0.474695939965539 0.20432304383645972 0.30880981291365617
5.0 0.6691766961123515 0.6484535757739069 0.19837981997877263 0.10567707932183945
6.0 0.6270207621613515 0.4377049731012393 0.28546561577940877 0.41392931758888996
2.0 0.43022729520672853 0.7156629909519637 0.21191207432769055 0.1040014407197456
