1.0 0.17196899471245497 0.6727991205905921 0.1509081372587222 0.6544017588188158
7.0 0.04957461075069283 0.6797576406638488 0.08649699280873532 0.1804702094152505
9.0 0.394440775600286 0.5559352888877345 0.28744185653427784 0.3208692804582097
2.0 0.4182497752812444 0.8220359287734993 0.22967301801629247 0.1250234143641562
0.0 0.35104427809052635 0.3773255608048955 0.2884623162527368 0.18865801842376373
4.0 0.8252576790243142 0.26115148871086474 0.215267809004971 0.1877847317781761
3.0 0.9697462775788059 0.4631940046125878 0.060507444842388014 0.23196946412803376
8.0 0.8640070604222319 0.5113399288638891 0.23283035030004162 0.3478408761129578
5.0 0.6823550671430485 0.7263835643610904 0.2244578233898772 0.13195354536307424
6.0 0.6274785905673005 0.49458571540660534 0.33143834117388565 0.48644246728578683
