0.0 0.3868749886751175 0.37375399470329285 0.26624998450279236 0.10465097427368164
1.0 0.1546880006790161 0.6000829786062241 0.04062500596046448 0.6154489815235138
2.0 0.38093701004981995 0.7865449786186218 0.22687500715255737 0.06810605525970459
3.0 0.9309369921684265 0.6279069781303406 0.03312504291534424 0.21262502670288086
4.0 0.8337500095367432 0.4098840057849884 0.18499994277954102 0.1187710165977478
5.0 0.6284369826316833 0.7819769978523254 0.2043750286102295 0.06893694400787354
6.0 0.6159380078315735 0.5544019937515259 0.24562501907348633 0.3795679807662964
7.0 0.04593700170516968 0.5386209934949875 0.09062500298023224 0.13870397210121155
8.0 0.8237500190734863 0.617110013961792 0.16124999523162842 0.27076399326324463
9.0 0.3946880102157593 0.546926960349083 0.23812496662139893 0.2317279875278473
