0.0 0.4050000011920929 0.28696000576019287 0.25624996423721313 0.10880398750305176
1.0 0.184688001871109 0.49335499107837677 0.048124998807907104 0.45348796248435974
2.0 0.4071870297193527 0.7039039731025696 0.21812501549720764 0.06395304203033447
3.0 0.9665619730949402 0.5207639783620834 0.044374942779541016 0.20930197834968567
4.0 0.8615630269050598 0.3039869964122772 0.18937504291534424 0.1162790060043335
5.0 0.6631249785423279 0.6868770122528076 0.2112499475479126 0.066444993019104
6.0 0.6506249904632568 0.45930199325084686 0.25874996185302734 0.38870397210121155
7.0 0.07500000298023224 0.4937709718942642 0.09749999642372131 0.0988369882106781
8.0 0.8671879768371582 0.5423589944839478 0.1706249713897705 0.22923600673675537
9.0 0.4156249910593033 0.45764100551605225 0.2187499701976776 0.22591400146484375
