6.0 0.650937020778656 0.4921100288629532 0.24812495708465576 0.3862130343914032
0.0 0.424374982714653 0.31935200095176697 0.2524999678134918 0.09883701801300049
1.0 0.1953119933605194 0.5448499917984009 0.03562501072883606 0.5780730247497559
2.0 0.4196870028972626 0.732558012008667 0.21187502145767212 0.056478023529052734
3.0 0.9603130221366882 0.5651990324258804 0.03312504291534424 0.19850501418113708
4.0 0.8618749976158142 0.3554820120334625 0.1799999475479126 0.11295700073242188
5.0 0.6675000190734863 0.7209299802780151 0.19499993324279785 0.06478404998779297
7.0 0.09687499701976776 0.5020760297775269 0.09624999761581421 0.15531599521636963
9.0 0.4378120005130768 0.48837198317050934 0.2381250262260437 0.23587998747825623
8.0 0.8600000143051147 0.5772429704666138 0.16999995708465576 0.27408599853515625
