0.0 0.38805248691615335 0.33474122084231306 0.26446955412377543 0.18152655270720167
1.0 0.23347949263266504 0.580582175407716 0.1257946926821755 0.5654377184916084
2.0 0.42790009108365124 0.7354890604092854 0.22609081853415153 0.1278695093485125
3.0 0.9438445277606071 0.4573222469762766 0.07448178062073141 0.2217788369876489
4.0 0.8228449893563617 0.27065349458137633 0.19182601882984396 0.15402332174485694
5.0 0.6752360487826301 0.6744612112904103 0.22474209592384953 0.13935317928765256
6.0 0.6355850458010963 0.45363977710613596 0.3034872143476845 0.450433748980941
7.0 0.09190442080279039 0.5798461956608028 0.12138889245308446 0.17591694952656955
8.0 0.8422809489295304 0.49016045264338026 0.1904988013460015 0.2962999019897971
9.0 0.4161280078647841 0.502671751920824 0.2565953768103999 0.2772674434803964
