0.0 0.39036097191606767 0.39455123636596323 0.2570094667528518 0.1335223848420603
1.0 0.19346881261671003 0.5861334153158477 0.08416863957846743 0.5719110384151508
2.0 0.3570089834119401 0.7971360981638131 0.22273290509364235 0.08609702496430971
3.0 0.9248726479083234 0.7009320959458479 0.0560732762472792 0.2191674038320015
8.0 0.8162060272427488 0.7056788008220818 0.19556021146101954 0.31498941895680355
5.0 0.6023274359384266 0.823599349183049 0.22253801699293846 0.10449970727393887
4.0 0.8356877696883533 0.47136269127831887 0.21146558803282656 0.15323624860757468
6.0 0.6089258733197267 0.599096345422987 0.27101417349684664 0.4199477140594428
7.0 0.052582184715043126 0.5398154628813052 0.10516436943008625 0.14865076813321243
9.0 0.3902129962848295 0.5630268456225501 0.2543367141937867 0.25500909941452626
