0.0 0.38787130862682456 0.30043355383251885 0.25617551960632057 0.15313552731798005
1.0 0.15353548678516538 0.470108807181817 0.08778546364825086 0.4437083497407559
2.0 0.3324358668848243 0.689630345662219 0.20948649337196962 0.10477765464757904
3.0 0.8846780115711657 0.6651967012508753 0.052295059526311194 0.21068863782516822
4.0 0.814354489709995 0.4299277657225079 0.20339633238697075 0.15647476609862276
5.0 0.5711741941322872 0.73624773663946 0.20484595780137094 0.12022174973158739
6.0 0.580493210289865 0.5214119962758113 0.2719169622327911 0.40961685088098354
7.0 0.06899273501623057 0.4149529605642964 0.10401035978152405 0.11877000958353312
8.0 0.7765786806829127 0.6559104878403763 0.1871135395830703 0.26810604584649234
9.0 0.37912839238048834 0.46262702928185684 0.25058244067390856 0.2551999467328221
