0.0 0.4113420951125052 0.3429751635031122 0.2771686307948314 0.18209763062208467
1.0 0.1466043847418268 0.4935060486505769 0.14450297593081018 0.6116751215962635
2.0 0.3351773739955494 0.7432426633501159 0.2325867512226558 0.13464726874393995
3.0 0.8979212807054915 0.7543363575273996 0.06851627922312142 0.2170692482356843
4.0 0.8404349424257682 0.5127203867019732 0.20043915506629406 0.17138591958537303
5.0 0.5770194030866765 0.8133161594311427 0.2108136018557984 0.12868176533311015
6.0 0.6036472010961249 0.5878962865613722 0.30395361961787676 0.44365459517642825
7.0 0.0535598134640815 0.40089740250513795 0.107119626928163 0.16238401412584808
8.0 0.7953628339111263 0.7115460066293755 0.20322179446116395 0.31227482969463916
9.0 0.389425800910359 0.513996895254742 0.2714417928195064 0.2974012310437086
