0.0 0.4019530266523361 0.4226379990577698 0.24765601754188538 0.12253397703170776
1.0 0.16992199420928955 0.6298030018806458 0.039844006299972534 0.5742470026016235
2.0 0.3933590054512024 0.837486982345581 0.2132810354232788 0.07788205146789551
3.0 0.9414060115814209 0.6806849837303162 0.042188048362731934 0.22533702850341797
4.0 0.8476560115814209 0.458981990814209 0.20000004768371582 0.1246110200881958
5.0 0.6410160064697266 0.8317760229110718 0.2085939645767212 0.0872269868850708
6.0 0.625 0.6002079844474792 0.234375 0.3759089708328247
7.0 0.0808590017259121 0.5960540175437927 0.09296900779008865 0.16199398040771484
8.0 0.825780987739563 0.6812049746513367 0.171875 0.29075801372528076
9.0 0.4085940271615982 0.5950160175561905 0.23125001788139343 0.2263760268688202
