0.0 0.4128130078315735 0.3102160170674324 0.25187504291534424 0.12209300696849823
1.0 0.22687500715255737 0.5141199827194214 0.04874998331069946 0.5631229877471924
2.0 0.39656199514865875 0.7138699889183044 0.21937498450279236 0.07558095455169678
3.0 0.9421870112419128 0.566444993019104 0.04562497138977051 0.2142859697341919
4.0 0.849062979221344 0.3534049987792969 0.1793750524520874 0.11212599277496338
5.0 0.6481249928474426 0.7142860293388367 0.21625006198883057 0.08803999423980713
6.0 0.6396870017051697 0.4875420033931732 0.25312507152557373 0.3953489661216736
7.0 0.0878129955381155 0.4788210242986679 0.10187499597668648 0.15365400910377502
8.0 0.8378120064735413 0.5739200115203857 0.15687501430511475 0.2624579668045044
9.0 0.41718702018260956 0.48214299976825714 0.22937503457069397 0.22508296370506287
