0.0 0.4376343527595149 0.3021726876373054 0.25162208661083457 0.15043311908100335
1.0 0.24278094000549366 0.4891662352134779 0.08857904485230028 0.5664034061981376
2.0 0.39530575055615913 0.6994279931067817 0.22155095696342175 0.10325731967696805
3.0 0.9304628780009003 0.6211601662216413 0.06841383402155421 0.21499070987520186
4.0 0.855612166414926 0.40201215018835745 0.18487193885166575 0.14829258407719298
5.0 0.6408210981637292 0.7208761593140962 0.2125562059161552 0.11150266900797645
6.0 0.6529518067596665 0.5077777716865021 0.27110895636618515 0.4035600678209925
7.0 0.12164209972085996 0.4310020401496061 0.11013680705423845 0.14564012822101868
8.0 0.8309202943937117 0.6013102014136642 0.16608459187348878 0.27986293379449234
9.0 0.4342941962210635 0.46525345368933346 0.24981707316367852 0.2612888350548687
