1.0 0.2384369969367981 0.6129570156335831 0.03937500715255737 0.5514950454235077
8.0 0.11874999850988388 0.5801500082015991 0.10250000655651093 0.1387040615081787
9.0 0.44062501192092896 0.5693519711494446 0.22374999523162842 0.22508299350738525
2.0 0.4231250137090683 0.8019099831581116 0.20250001549720764 0.05730903148651123
0.0 0.43062499165534973 0.40780699253082275 0.24375003576278687 0.09800702333450317
4.0 0.8700000047683716 0.43936899304389954 0.19749999046325684 0.11960101127624512
3.0 0.9734370112419128 0.6557310223579407 0.030624985694885254 0.2134549617767334
8.0 0.8640620112419128 0.6723420023918152 0.18687498569488525 0.283223032951355
5.0 0.666562020778656 0.7981730103492737 0.1968749761581421 0.07142901420593262
6.0 0.6534379720687866 0.575996994972229 0.24187493324279785 0.37292397022247314
