0.0 0.33664641706143733 0.41724124970237886 0.299042854864611 0.2033674805058454
1.0 0.17735468338819205 0.6860167453774937 0.14745835972809415 0.6279665092450126
2.0 0.3965103540900832 0.8593314250549113 0.25785307338773245 0.14454056739257626
3.0 0.9426283136433091 0.5194224922931246 0.07264872420799195 0.22950767350084572
4.0 0.8076122373031047 0.3253994174967042 0.21153937874178597 0.1841167571813817
5.0 0.6637717813894393 0.7742928641655848 0.23272111985318755 0.13886571833943462
6.0 0.6129744050726216 0.5362710447019021 0.30040144438156297 0.4629052615149943
7.0 0.050256751971662635 0.7122227466780506 0.07438246836766675 0.1575913926447403
8.0 0.8345104747909384 0.5581000514169662 0.2217041813103272 0.3403584438879021
9.0 0.37820733634006076 0.6015912291531939 0.2906953409871275 0.3097188419552775
