0.0 0.3801684926087125 0.4233020911536427 0.2593238268630188 0.17872853619829532
1.0 0.2451967746916741 0.6919339358975686 0.15124025253463766 0.5718622471101891
2.0 0.4538249546118199 0.81579665958688 0.22453349280016555 0.13368036029334385
3.0 0.9383745320888024 0.4784532593118904 0.07047347358854583 0.2085892590206077
4.0 0.8041919247994477 0.3045759357125459 0.19749690781431073 0.1706235712418389
5.0 0.6912156504323421 0.7205310903553562 0.20747843230153162 0.12997397343922468
6.0 0.6317886923250537 0.5145640814724064 0.3012569264756258 0.4394433713018874
7.0 0.10743387200954738 0.696198701748876 0.12049644391012465 0.15124095714554964
8.0 0.8409376779338779 0.5085807748939937 0.20779768572868962 0.31109799068528254
9.0 0.4187802696165708 0.5811444660428728 0.2551310711978132 0.28572375734855376
