0.0 0.3881337169434437 0.34538839867870325 0.2561775964061049 0.18632428498691156
1.0 0.2571583188169789 0.6131990715428026 0.13823196618664976 0.5596075704618902
2.0 0.4564887770715269 0.7361882175838709 0.22282966980558433 0.13596411117449514
3.0 0.9343690195809684 0.4066511188755908 0.08594403196780898 0.21816102853616542
4.0 0.8050708327214922 0.23813928525500963 0.1917532029069876 0.1732333506747042
5.0 0.6912959860661991 0.6384993187457639 0.2149469280089792 0.14241091667099148
6.0 0.6447650447860753 0.43393341143278347 0.2986150988120831 0.4330924656781209
7.0 0.12838708047723157 0.6170214579611636 0.11959809984223051 0.15833023704015514
8.0 0.8361402755199521 0.43585547226412125 0.18598943391741218 0.296719723121807
9.0 0.42928622480457806 0.4990903577246274 0.26481497374449503 0.2926865116615056
