1.0 0.10672038324971544 0.6738708345108302 0.11866269222794301 0.6522583309783396
7.0 0.014012569522846042 0.6752921760768162 0.016927328850776798 0.161385978278749
0.0 0.31776770154706235 0.3997428221110202 0.29056708079292753 0.14344149511862375
9.0 0.33523319170289245 0.584765285908065 0.29479155094780335 0.29964286804032164
2.0 0.3360207935540055 0.872216296818721 0.26000082271622327 0.10866981356640826
3.0 0.9566510639640883 0.5983368838498697 0.06429074592147144 0.24187179375182732
8.0 0.8416483155711596 0.6216342242987082 0.22289521671602497 0.3473763848326465
5.0 0.6296069536142608 0.8151402780697483 0.24504375571428583 0.11291693100726508
6.0 0.5904502822501309 0.560679033821829 0.33196125468723553 0.4755020132729465
4.0 0.8103596019510024 0.36723353197003034 0.2094670840310272 0.14824250441979125
