1.0 0.1471869945526123 0.6416109800338745 0.04187500476837158 0.5872089862823486
7.0 0.04437499865889549 0.597590982913971 0.08749999850988388 0.15531599521636963
9.0 0.390937015414238 0.5789039731025696 0.24437502026557922 0.2375420331954956
2.0 0.37687501311302185 0.8322259783744812 0.22750002145767212 0.06976699829101562
0.0 0.37968797981739044 0.40531599521636963 0.25062498450279236 0.10631197690963745
6.0 0.6193749904632568 0.5805649757385254 0.2549999952316284 0.39202702045440674
5.0 0.6378129720687866 0.8056480288505554 0.21312499046325684 0.07142901420593262
8.0 0.8365619778633118 0.6495019793510437 0.1793750524520874 0.267441987991333
4.0 0.831250011920929 0.41818898916244507 0.1875 0.12043201923370361
3.0 0.934374988079071 0.6337209939956665 0.033750057220458984 0.2059800624847412
