1.0 0.22468799352645874 0.46636199951171875 0.028124988079071045 0.5257480144500732
7.0 0.12406300008296967 0.4431059956550598 0.08062499761581421 0.14036500453948975
0.0 0.3987499922513962 0.2832230031490326 0.22749999165534973 0.08637899160385132
4.0 0.7996870279312134 0.31063100695610046 0.171875 0.10797297954559326
6.0 0.604062020778656 0.43729202449321747 0.21937501430511475 0.34468403458595276
5.0 0.6165630221366882 0.6387040019035339 0.1793750524520874 0.05814003944396973
9.0 0.40968699753284454 0.4352159947156906 0.20812496542930603 0.20597997307777405
2.0 0.38874998688697815 0.6507480144500732 0.19249999523162842 0.05066394805908203
3.0 0.8862500190734863 0.492110013961792 0.028749942779541016 0.18687701225280762
8.0 0.7921879887580872 0.517441987991333 0.15687501430511475 0.23920297622680664
