1.0 0.21115537473856943 0.5045250330926012 0.09602461132900109 0.6015852825709491
6.0 0.6495990441846623 0.5449875392148109 0.30332987931667205 0.4425268293246795
0.0 0.42948429305895 0.32062854218654313 0.2733370657805063 0.1469058844691727
3.0 0.9486809319840084 0.6799773206550725 0.044312113226766425 0.2171797871505391
2.0 0.377215915431632 0.7456251296675873 0.23238998541938943 0.10231717799586448
5.0 0.6376185465465769 0.7816907522658385 0.2192613170867581 0.10811748474330385
7.0 0.06787107113058735 0.44185876922805967 0.1357421422611747 0.19358842266553306
8.0 0.8481788397515544 0.6723695459869704 0.18028511829117944 0.3067004685173962
4.0 0.8822150160168312 0.44370810278025374 0.18397132101656843 0.15152998310146665
9.0 0.4163044020932379 0.4937568933521872 0.26074542896605013 0.2812967058793164
