0.0 0.5084474758830789 0.38897622860803316 0.16797803151799212 0.11123186957249204
1.0 0.374892011632597 0.49978111596896 0.07618068412500428 0.37604011700373025
2.0 0.46134881882524476 0.6718918410445763 0.1413173184794091 0.0770260315221909
3.0 0.8297374840794802 0.6535062861175578 0.04491771612652884 0.15518199607182603
4.0 0.7927005859441372 0.4963235768256978 0.12543151655903506 0.11758337112969908
5.0 0.6277184923794432 0.7049669342604341 0.1542843547922209 0.09364474759791186
6.0 0.6397631250766853 0.546537444965018 0.20813551545720577 0.3056985543950073
7.0 0.28829341323799906 0.463996415200583 0.07925556958087429 0.10164796279743366
8.0 0.7641073395543434 0.6456653022797199 0.13424456863412249 0.21724380486734785
9.0 0.49810022376378543 0.5046218457977077 0.17785617266485831 0.19687784786291213
