0.0 0.3858035299270685 0.36703256847214316 0.288320234397652 0.16845791512776015
1.0 0.18144361334850553 0.6529864760223638 0.12144962938224697 0.6251026535935765
2.0 0.43355296856314296 0.8015781745661045 0.24366988466165257 0.12863930244839095
3.0 0.9751524743076053 0.4913671799253968 0.04969505138478936 0.23484814674140725
4.0 0.8570168020248562 0.29030572349877565 0.21230871746452684 0.17512807788919493
5.0 0.7020899826740408 0.7257328982689686 0.22006576647827392 0.12150034154461775
6.0 0.6533627060223488 0.49343223726296015 0.3122380633039031 0.45531510508959855
7.0 0.06665781132677434 0.6180026840494688 0.13202144047567016 0.17207905257756506
8.0 0.8723225637011474 0.512336508120129 0.20368618495605328 0.3117333096702942
9.0 0.41873823533974786 0.5427407315635107 0.2673506773695417 0.29740378391567457
