0.0 0.40781302750110626 0.40965700149536133 0.26875004172325134 0.13395601511001587
1.0 0.17148399353027344 0.62876395881176 0.06015598773956299 0.5784009993076324
2.0 0.3996089994907379 0.8348910212516785 0.23515599966049194 0.07476603984832764
3.0 0.9683589935302734 0.6744549870491028 0.03671896457672119 0.2294909954071045
4.0 0.8710939884185791 0.448078989982605 0.203125 0.14434099197387695
5.0 0.6589840054512024 0.8250259757041931 0.216405987739563 0.0758049488067627
7.0 0.07460899837315083 0.6007270216941833 0.10390600189566612 0.1422640085220337
6.0 0.65625 0.601764976978302 0.24687504768371582 0.3977149724960327
8.0 0.8691409826278687 0.6796470284461975 0.19453096389770508 0.3063340187072754
9.0 0.4128910005092621 0.5924199968576431 0.26484400033950806 0.2627210319042206
