0.0 0.3693141208402023 0.3747654144532392 0.26562864430752486 0.12006398102906879
1.0 0.17239453195644128 0.5772971880733606 0.06997633528032085 0.5935627946516963
2.0 0.3446936093658063 0.7937725448416242 0.22737569071952618 0.08851113982895964
3.0 0.898912383579334 0.6656988892089195 0.048639570856738534 0.2073270779375741
4.0 0.8080257934362871 0.4437992684909311 0.19313209943154586 0.13401823874433677
5.0 0.5962730700380786 0.798989005507442 0.21735643365553908 0.08676641502340787
6.0 0.591497294480947 0.5716807875451505 0.26656916881206394 0.40052292248083227
7.0 0.044972290932722994 0.518750371571238 0.08994458186544599 0.1373373392060634
8.0 0.7982364273555762 0.6560314367540018 0.18261790243451692 0.2897306544435714
9.0 0.37144088628028005 0.5506282004717831 0.23911548229448276 0.2545148746100664
