0.0 0.4240837501529745 0.3509203230851683 0.25201731752718687 0.15299715048310686
1.0 0.21584299202910662 0.5077812687442698 0.12374650462343514 0.5591317164731185
2.0 0.3583291679061841 0.7371050674166855 0.22047194020924593 0.11895753177983692
3.0 0.8898160045753645 0.7230230221247915 0.05909191101238154 0.19804941712437596
4.0 0.8338935514872333 0.5004206902671025 0.18802617593003323 0.15136183402905645
5.0 0.5983542053499019 0.7894140746754836 0.20586717443635622 0.11596644194460681
6.0 0.613743266135794 0.5755138172380807 0.2823458263637289 0.41264334860851803
7.0 0.09420066822552609 0.434033762302782 0.10903859600608683 0.15212544036597836
8.0 0.7974505861264787 0.6906874293361165 0.1885434332700453 0.2879884989583996
9.0 0.4010626141209881 0.5103878458615886 0.24464339004029645 0.2679731264254992
