0.0 0.37414745460622445 0.3476705732816886 0.2516172322027119 0.11906795627927386
1.0 0.20381359404844682 0.5698390696639973 0.07569063756576949 0.4456875543482335
2.0 0.3934698562263819 0.7251387001382542 0.22302628146861758 0.08565417883433946
3.0 0.8906016662925196 0.5007730926601657 0.05686189420758214 0.2091771782189607
4.0 0.7825401179778595 0.32577360460868354 0.18356932194618647 0.1309479526942573
5.0 0.6251610788630038 0.6886406575057302 0.20078858592188353 0.08664227859272977
6.0 0.6041041894411114 0.484633381779683 0.2519151754855154 0.3775268974653184
7.0 0.08089851980909477 0.5584124547828272 0.11627347655143298 0.12397639108671593
8.0 0.7867936465542915 0.5265224941578028 0.19485375637617697 0.28108340623726047
9.0 0.39475902904285676 0.5013225483489877 0.23824368425528664 0.2394889009254652
