1.0 0.2109563077017116 0.5922385032058194 0.05458448118830203 0.5985546814783638
7.0 0.060242089499880816 0.5703742206972349 0.11237880203120751 0.17138938086174038
9.0 0.4099159905691152 0.5418282743189359 0.26184994771228126 0.25426714641058695
2.0 0.4005876043377204 0.7894514628185398 0.22287338943355384 0.08120297814067123
3.0 0.9448013752837903 0.5864645707066926 0.033249421314083594 0.2024632425506121
5.0 0.6506807548379681 0.7588825128041343 0.20986015262504754 0.08280871066040285
6.0 0.6294478851721159 0.530366945280689 0.26848600219792973 0.4119138207293658
4.0 0.8433633284145874 0.3716686608776709 0.19228198056745816 0.12795762567384728
8.0 0.839787505817159 0.6060137348117761 0.16986545753766613 0.2910933832283256
0.0 0.3886179283515724 0.3690366090387073 0.263558485190224 0.1195202792476468
