0.0 0.39414098858833313 0.3400830030441284 0.25703102350234985 0.10695701837539673
7.0 0.05937499739229679 0.522844985127449 0.09687499329447746 0.12980303168296814
9.0 0.40625 0.5062310099601746 0.234375 0.2232609987258911
1.0 0.16367200016975403 0.5550360232591629 0.0507810115814209 0.5846310555934906
2.0 0.38320299983024597 0.7383180260658264 0.21328097581863403 0.058151960372924805
6.0 0.6222659945487976 0.5072690397500992 0.2289060354232788 0.37071701884269714
4.0 0.8269529938697815 0.36240899562835693 0.18671905994415283 0.1163029670715332
3.0 0.9183589816093445 0.571132019162178 0.03359401226043701 0.20560702681541443
5.0 0.6347659826278687 0.7248179912567139 0.20234394073486328 0.06645894050598145
8.0 0.8214840292930603 0.5903429985046387 0.1679689884185791 0.2585669755935669
