0.0 0.4355286644946679 0.2956377112002337 0.2581688751495207 0.18204115066754198
1.0 0.20795720263053213 0.4307551178344204 0.14083340904966937 0.5556779248127491
2.0 0.35416634540350966 0.6833879550626517 0.21342000897151484 0.12257370837319748
3.0 0.9086371152492951 0.712650917389409 0.0717227003074622 0.22016437132860922
4.0 0.8560954611926216 0.47416401196145574 0.20316944652395819 0.17348883060134895
5.0 0.5919410119019197 0.7533549630578484 0.20616122306000734 0.13524443976186762
7.0 0.08213027173356552 0.3566296911404544 0.13758473396993065 0.18404292420501106
9.0 0.4178035120014867 0.45585731488039977 0.2655481250661136 0.29016057717718635
6.0 0.6247200925924927 0.539071433076528 0.2949314936407429 0.4365684904011292
8.0 0.8058922395739333 0.6800596050790653 0.223633835495205 0.33880530153434474
