0.0 0.4165630042552948 0.325996994972229 0.24812501668930054 0.1004980206489563
1.0 0.24687501043081284 0.5386210083961487 0.04375000298023224 0.5390369892120361
2.0 0.4165629893541336 0.7267439961433411 0.21937498450279236 0.06478404998779297
3.0 0.9434379935264587 0.5348839610815048 0.044374942779541016 0.20265796780586243
4.0 0.8381249904632568 0.3409470021724701 0.17624998092651367 0.11212599277496338
5.0 0.6662499904632568 0.700996994972229 0.20249998569488525 0.05814003944396973
6.0 0.6499999761581421 0.48837199807167053 0.23625004291534424 0.37043195962905884
7.0 0.09031300246715546 0.5004150420427322 0.10687500238418579 0.1353820264339447
8.0 0.8450000286102295 0.5444350242614746 0.14875006675720215 0.2715950012207031
9.0 0.42906299233436584 0.4966779947280884 0.22812503576278687 0.22923600673675537
