0.0 0.37107222765640113 0.299269228754722 0.26861698584069615 0.14050287116634833
6.0 0.6265866255228888 0.4388791465513919 0.2736800458192848 0.4207756434908406
4.0 0.8246313574092969 0.2577888926429466 0.19621162985095664 0.14287735130380966
3.0 0.9335781640472938 0.4641704970941264 0.050294598817373526 0.2128751414053564
5.0 0.6539756769428444 0.6630779700215557 0.2163061800613698 0.0924843071782705
2.0 0.40313486335277193 0.7098555633206707 0.2305887876314765 0.08626035951317834
9.0 0.39626048218299215 0.466575017323661 0.25242425438406396 0.273177273571958
1.0 0.15620265076003054 0.5552975567939955 0.0974576074133081 0.592091367245459
7.0 0.05351352226871365 0.5308015770851962 0.1070270445374273 0.15338366747451337
8.0 0.8310014324688683 0.4823529225997637 0.19108685618223875 0.307310401458962
