0.0 0.3608931620673482 0.2962062402514106 0.2443891630014729 0.10995854907140645
1.0 0.1278110109400472 0.5039943487868008 0.040264989950099556 0.5770588662514945
2.0 0.35198767469133974 0.6872352134278654 0.22888675573734965 0.06893778853610855
3.0 0.89429063600414 0.48887586286576873 0.0651063586478241 0.21230245165293915
4.0 0.7846319898708964 0.2906683041966224 0.19977615489014855 0.13970038326342554
5.0 0.6045090162474359 0.6609402198627222 0.2058266907957924 0.07341495153641664
6.0 0.5925976073591124 0.45643923726316 0.25205781486886525 0.3757992855145743
7.0 0.05503359819454544 0.48232845834090576 0.0783058230129966 0.11794591626660272
8.0 0.7872983027595122 0.5057551150055923 0.17878219555576802 0.26045439713608615
9.0 0.3690622704530234 0.45094944009744165 0.2308839394076695 0.23004591067143393
