0.0 0.4271869957447052 0.3471759855747223 0.24312502145767212 0.09302300214767456
1.0 0.2384369969367981 0.547341987490654 0.03937500715255737 0.5514949858188629
2.0 0.4084379971027374 0.7392029762268066 0.22062498331069946 0.06146204471588135
3.0 0.9453120231628418 0.5950999855995178 0.03312504291534424 0.2001659870147705
4.0 0.8575000166893005 0.38330599665641785 0.1875 0.11046499013900757
5.0 0.6540619730949402 0.740032970905304 0.2018749713897705 0.0797339677810669
6.0 0.6403120160102844 0.5203490257263184 0.23937499523162842 0.35963499546051025
7.0 0.11749999597668648 0.5020760148763657 0.09499999135732651 0.1154489815235138
8.0 0.840624988079071 0.5784880071878433 0.1549999713897705 0.27990004420280457
9.0 0.43062499165534973 0.509967029094696 0.2149999737739563 0.21760797500610352
