0.0 0.4183589965105057 0.43146398663520813 0.23671898245811462 0.10072702169418335
3.0 0.403905987739563 0.8291800022125244 0.2109379768371582 0.06334400177001953
4.0 0.8542969822883606 0.4569060057401657 0.1914060115814209 0.11422601342201233
3.0 0.9527339935302734 0.6744549870491028 0.0351560115814209 0.2191070318222046
5.0 0.6523439884185791 0.823468029499054 0.203125 0.0768430233001709
8.0 0.8480470180511475 0.6879540085792542 0.17265605926513672 0.28556597232818604
7.0 0.08867199532687664 0.6105920076370239 0.11484399810433388 0.14537906646728516
1.0 0.24765600264072418 0.635514035820961 0.03906199336051941 0.5732090175151825
9.0 0.42656299471855164 0.5887849926948547 0.22343796491622925 0.2222219705581665
6.0 0.6425780057907104 0.5991690158843994 0.236719012260437 0.3759089708328247
