0.0 0.36937499046325684 0.38870400190353394 0.23250001668930054 0.09634602069854736
1.0 0.1990630030632019 0.6013290286064148 0.04187500476837158 0.4235880374908447
2.0 0.36000001430511475 0.759967029094696 0.19749999046325684 0.05481696128845215
3.0 0.8565629720687866 0.6088039875030518 0.03562498092651367 0.19269096851348877
4.0 0.7728130221366882 0.4169439971446991 0.1656249761581421 0.10797297954559326
5.0 0.59375 0.7487540245056152 0.1887500286102295 0.06561493873596191
6.0 0.5821869969367981 0.5415279865264893 0.2281249761581421 0.3471759557723999
7.0 0.07531300000846386 0.558555006980896 0.08437499776482582 0.11378705501556396
8.0 0.7646870017051697 0.6162790060043335 0.14937496185302734 0.23920297622680664
9.0 0.37656301259994507 0.534883975982666 0.21187502145767212 0.20764100551605225
