0.0 0.38212857128964195 0.3642821811534611 0.2521423701353939 0.12951458911278552
1.0 0.17119759320580458 0.5532842522698677 0.054706854335290905 0.5599416625090965
2.0 0.36307430544885677 0.7661753234494345 0.21669793160627865 0.06923434539933071
3.0 0.9104117934880096 0.6425488333779136 0.03752336738024997 0.2170109384522103
4.0 0.8277427360124623 0.4191554709536498 0.19817647553210327 0.12362588420761939
5.0 0.6076092124130854 0.7699015833063958 0.20149424424522555 0.0915701620109215
6.0 0.6061283684271603 0.5512016059695742 0.23199798545233496 0.3944669411550583
7.0 0.05826136314638165 0.5325052468583045 0.10167079245095503 0.13918994190281464
8.0 0.8033734253338354 0.6411765162379695 0.1668606176859081 0.2896551721803495
9.0 0.3821456967186997 0.5346347674553281 0.2320540369328728 0.22639309064304053
