1.0 0.20276125872620834 0.5048028014856204 0.1086952288070911 0.5955615740382686
7.0 0.061209573542932445 0.43908775444944725 0.12241914708586489 0.18628756433957455
9.0 0.40518002328059977 0.5142524698019744 0.2800985797210814 0.2918609129239033
2.0 0.3547807684666119 0.7529681285721324 0.22593704491882022 0.11588507974895212
3.0 0.9193146612340555 0.7153352099995651 0.05125905432068534 0.20385866080790338
5.0 0.603751556785097 0.796827479995992 0.21333020425264682 0.1153397812807131
6.0 0.6211626788926152 0.5677419530802372 0.3011399179832355 0.44745878038281317
4.0 0.8562273438344814 0.47600267779902683 0.20026427945220737 0.1567299023628983
8.0 0.8136523105803692 0.7034650067704671 0.19333592922810316 0.31297678847054267
0.0 0.41323296969120993 0.33948548353542785 0.2693478357400509 0.1600671504512074
