0.0 0.421448285121776 0.3398736632848178 0.2648508193931958 0.14894406705349095
1.0 0.2182462909806467 0.5216424262260643 0.07727725856463058 0.5723604351475756
2.0 0.38323311578938757 0.7427564678458886 0.2141980124103306 0.09147888733850484
3.0 0.9367790306752256 0.6441705618394433 0.05054938258883879 0.211105204029171
4.0 0.851616910393079 0.4253708593948644 0.18663519623404845 0.13439125176849182
5.0 0.6356719671568776 0.7628269428023888 0.21691002356423106 0.10493070494195644
6.0 0.6377124101660543 0.5388350383375735 0.266514945664559 0.4079573017574441
7.0 0.08773712063421901 0.468197932062447 0.1164603594438678 0.16840033153864536
8.0 0.833425327413416 0.6321243535660814 0.17553283827669053 0.2900809832985731
9.0 0.415003048813135 0.5050229000527016 0.24222483525738187 0.24992831307546304
