0.0 0.3933653825394774 0.3635269642230605 0.28081401570921555 0.18533450998139817
1.0 0.1319647909204228 0.5030425019634522 0.13556962636706613 0.5584619519713115
2.0 0.32897942428421467 0.7805903126751828 0.22418857405711073 0.12707906232037713
3.0 0.9065661068518521 0.7681109851376983 0.0726325084232311 0.23910023260673063
4.0 0.843699089748823 0.5152663473024562 0.22544635459571272 0.18788022652608105
5.0 0.5752090646365633 0.8309057168844987 0.22023464990075314 0.1347830377946122
6.0 0.6002334995045191 0.5976450032185285 0.3146015834523579 0.4772912230775853
7.0 0.05966459084332987 0.45580907581269636 0.11932918168665974 0.18391314530768565
8.0 0.7928896672517571 0.7372984802391223 0.21383540206142915 0.34173518944294545
9.0 0.36760809776558745 0.5314117289553746 0.2863925274120611 0.3077671207662285
