0.0 0.39281298220157623 0.3870429992675781 0.2656249701976776 0.1162790060043335
1.0 0.16312499344348907 0.624584972858429 0.04499998688697815 0.599668025970459
2.0 0.393436998128891 0.8243359923362732 0.22187501192092896 0.07225894927978516
3.0 0.9553130269050598 0.6108800172805786 0.043125033378601074 0.21511602401733398
4.0 0.8543750047683716 0.3995020091533661 0.19000005722045898 0.13455098867416382
5.0 0.6546869874000549 0.7915279865264893 0.21437501907348633 0.066444993019104
6.0 0.6356250047683716 0.5598009824752808 0.2549999952316284 0.3970099687576294
7.0 0.05875000171363354 0.5705980062484741 0.0937500037252903 0.13787400722503662
8.0 0.8481249809265137 0.6183549910783768 0.16499996185302734 0.27657803893089294
9.0 0.40468698740005493 0.5735049843788147 0.2281249761581421 0.24335503578186035
