0.0 0.42539098858833313 0.34891000390052795 0.25546902418136597 0.10384202003479004
1.0 0.2371089980006218 0.5581520348787308 0.04140599071979523 0.5887850224971771
2.0 0.40781301259994507 0.7689509987831116 0.2250000238418579 0.06957399845123291
3.0 0.9695309996604919 0.6116300225257874 0.04062497615814209 0.22014498710632324
4.0 0.8753910064697266 0.3805820047855377 0.1914060115814209 0.13395601511001587
5.0 0.6707029938697815 0.7632399797439575 0.2132810354232788 0.08099699020385742
6.0 0.6609370112419128 0.5332289934158325 0.25312507152557373 0.3935619592666626
7.0 0.09062499925494194 0.532710000872612 0.11249998956918716 0.145378977060318
8.0 0.864844024181366 0.6100729703903198 0.1640620231628418 0.2834889888763428
9.0 0.43671900033950806 0.5186920315027237 0.24531197547912598 0.23572203516960144
