0.0 0.3905868222972475 0.3879199024999672 0.2919530567943553 0.14706988841791724
1.0 0.12717554311635226 0.6131741166160022 0.08299679893985887 0.6593412682466908
2.0 0.36128030199358585 0.8453648264573227 0.25199545933007367 0.09007207326896771
3.0 0.9585911898948887 0.7024314614260526 0.04818153032630834 0.2321500567014263
4.0 0.8724153944672488 0.4622233927069755 0.21125015332995334 0.14863495594797327
5.0 0.640521657975472 0.8498001802947225 0.23211123634488373 0.09668225462513869
7.0 0.04084952419843963 0.5656727856259438 0.08169904839687926 0.16529733160443227
9.0 0.39033187717625084 0.5850625772989502 0.27522811539335706 0.270599077475859
8.0 0.8513544738523053 0.6940559074516688 0.18487372266500623 0.31472232566905767
6.0 0.6361913321254637 0.6002551074594771 0.27658162026856103 0.4317610950405065
