0.0 0.39601272943620214 0.3265724328450012 0.27689499903614706 0.16914218516276022
1.0 0.17120907609948488 0.503465175112088 0.1327653250924737 0.5879525123852719
2.0 0.33541135947924655 0.7517366140038655 0.2335975363006287 0.11887026316792604
3.0 0.9288621327250303 0.706173102885175 0.06673700178076891 0.22211703033800978
4.0 0.8478807897388373 0.46543215576345537 0.2101473747796161 0.16168843900871355
5.0 0.5973855157906971 0.7994264348386064 0.22310122759043333 0.12407785831605822
6.0 0.6151354999500971 0.566758028562256 0.31678915391882334 0.4599546613833111
7.0 0.047228446885150384 0.41192002736033595 0.09445689377030077 0.16185322354189818
8.0 0.8149704934045467 0.6773538935370164 0.21300473719901614 0.3220353748282676
9.0 0.38068685962193266 0.5023604643195737 0.2722399203108611 0.2977073598638938
