0.0 0.43063976867067183 0.43176464650665053 0.25057752442809245 0.1698385011940916
1.0 0.2900555163544656 0.670834865958514 0.11891219380173063 0.5210442414659131
2.0 0.48361877141716947 0.8010423857929709 0.20700954401007876 0.11517744746537983
3.0 0.9673925564600229 0.5245661728378809 0.06521488707995426 0.22015591800501827
4.0 0.842796413314666 0.3379617754290234 0.2000541302478831 0.16602405162197048
5.0 0.7073699706855352 0.739326841522673 0.2067245020380153 0.12779139264962514
6.0 0.6721146642312311 0.533736864403886 0.2764007488029694 0.412049179100342
7.0 0.15897164613307646 0.6658011526533398 0.10619158014712887 0.15251712422022334
8.0 0.8664151420194801 0.5482682847241278 0.19938237696875272 0.31130174237436203
9.0 0.4631196301253706 0.5771845069215371 0.24139874134930794 0.26401888582744915
