1.0 0.2150513042192722 0.5783580781034402 0.117385739752736 0.532490570852661
7.0 0.1106387386168229 0.5752814622957823 0.11721336045595934 0.15841697355109235
9.0 0.4156988083289659 0.47499809742710897 0.23675012174738375 0.26623079906768377
0.0 0.3789244700219244 0.320655309189001 0.2402794833023975 0.1529344399649482
2.0 0.43788557935747463 0.6925649093253866 0.20928577540027415 0.1097578134894539
5.0 0.6613486355831881 0.6156207472819045 0.20322190170860222 0.11296826596896303
6.0 0.6202393736425272 0.41714761553235247 0.26612652189812397 0.4027069087863406
4.0 0.7943463468466517 0.22280710335807263 0.18492353026750763 0.14698134035710164
3.0 0.9141736077921535 0.3978155854484262 0.0652146447003612 0.2013363822118996
8.0 0.8070254834233734 0.4203533067314901 0.20382535925258483 0.29737830662730486
