0.0 0.41817757283742446 0.4104429752027513 0.28194084922959084 0.14037929320882486
1.0 0.2026780800563062 0.59772638155153 0.08074493941861532 0.6050806148797312
2.0 0.37175164033430796 0.8371746135941127 0.23712870668537128 0.09130773138773485
3.0 0.9584566692401206 0.7575210384589841 0.04972279513219402 0.22177336579853912
4.0 0.8822360664056925 0.5189158236639055 0.19212566802850006 0.1520179996101313
5.0 0.6376923330863862 0.8802460236015937 0.2191956882670626 0.1078975957964331
6.0 0.6440732508592125 0.6366038973127617 0.29791269186602815 0.4423066762683071
7.0 0.06328081353224636 0.527619783503754 0.11695552466088853 0.14419436447988754
8.0 0.8537762371144364 0.7464301325729787 0.17994848391895735 0.3012629530001797
9.0 0.40789016115999677 0.5855993429190609 0.2490344157654351 0.25833411012733987
