0.0 0.39733859101880653 0.3537432778730515 0.25376401426361467 0.16104782808047297
1.0 0.15177922526494375 0.5131592747448499 0.12160443382590329 0.5657802746868312
2.0 0.33026520316973673 0.7500221574558209 0.2207631165380959 0.11718381843596126
3.0 0.8972574644626221 0.729725928642193 0.06633045820024475 0.21522890046613874
4.0 0.8293950287495319 0.49305579274210487 0.21471035111432824 0.18127778801468186
5.0 0.5764150503034149 0.8002640862597515 0.21199574539595967 0.12274495112587469
6.0 0.5941671289330703 0.5768586615566934 0.30377370410210863 0.4357406879742889
7.0 0.056123907952313604 0.44803279521901196 0.11224781590462721 0.1616768402312465
8.0 0.7904085865279726 0.7119981330621056 0.21332196212439802 0.31715351024945715
9.0 0.38306852855217477 0.5156259296466833 0.24677570426512485 0.2739043138965813
