0.0 0.3695377984881307 0.2910659705104278 0.24443546306242445 0.10983325669216643
7.0 0.053130182406501955 0.4796197159832274 0.10626036481300391 0.12574777244749286
1.0 0.1819287564869813 0.5082970343003425 0.051099330708232304 0.5585218853007449
9.0 0.3780454893067293 0.45112157005025444 0.2198223757715168 0.221804178805939
2.0 0.3698993100518095 0.6852946991743163 0.21103591498846586 0.0630237406463866
5.0 0.612032555429427 0.6626397885669011 0.2014038616259498 0.08093721066953163
6.0 0.6015033995268233 0.4482342885196423 0.24601985588997322 0.3770492186838283
3.0 0.8979962837445602 0.5021810120648138 0.04355141484643754 0.21144581076169555
4.0 0.7992340587750114 0.2996078730130993 0.1871708960273628 0.1186015341506727
8.0 0.7895797794307693 0.5051690406357154 0.17298960399912422 0.2840399434533144
