0.0 0.41484402120113373 0.33437201380729675 0.2343750298023224 0.11215001344680786
1.0 0.203125 0.5233640074729919 0.07343798875808716 0.5088269710540771
2.0 0.40468698740005493 0.7092419862747192 0.203125 0.07061302661895752
3.0 0.9316409826278687 0.5695739984512329 0.03203105926513672 0.2045689821243286
4.0 0.8359379768371582 0.37435099482536316 0.17499995231628418 0.11111098527908325
5.0 0.6343749761581421 0.7082039713859558 0.20781302452087402 0.07476603984832764
6.0 0.6269530057907104 0.507269024848938 0.2507810592651367 0.38110101222991943
7.0 0.09648399986326694 0.4823470264673233 0.11484400555491447 0.13811001181602478
8.0 0.8332030177116394 0.5815160274505615 0.1679689884185791 0.2637590169906616
9.0 0.4089840054512024 0.48390401899814606 0.236719012260437 0.2076840102672577
