0.0 0.41648023246954646 0.2526995358343717 0.2696756419121897 0.14825238105093008
1.0 0.1881177062840516 0.44054441832682256 0.09594181122110682 0.5825171337693975
2.0 0.38193911334265385 0.6692228449872065 0.23186426798380882 0.10235180305138192
3.0 0.9315743455138716 0.5586622573106894 0.06472099065107761 0.21352932788700868
4.0 0.8458628429489996 0.34572905991389924 0.189487062666149 0.16051588052026255
5.0 0.6278373649935141 0.6824890574836573 0.21176535967942034 0.10317553360523113
6.0 0.6405166252973156 0.4607289159857417 0.2625004748261045 0.4046285632159283
7.0 0.06632098154362769 0.39540213999057733 0.12966037795093124 0.16143806478714084
8.0 0.8357039354904112 0.5674773068469956 0.18321092575756304 0.2927394007728701
9.0 0.4056447174045888 0.4266500553060832 0.25023812893512976 0.27023080057090165
