0.0 0.4921880066394806 0.41666701436042786 0.1693750023841858 0.07666701078414917
1.0 0.37343698740005493 0.574999988079071 0.026875019073486328 0.303333044052124
2.0 0.48593801259994507 0.7079169750213623 0.1418750286102295 0.052500009536743164
3.0 0.8512499928474426 0.6025000214576721 0.028749942779541016 0.15166699886322021
4.0 0.7906249761581421 0.4508329927921295 0.11625003814697266 0.09166699647903442
5.0 0.6537500023841858 0.7012500166893005 0.1499999761581421 0.05583298206329346
6.0 0.645937979221344 0.5412499904632568 0.17687499523162842 0.27583301067352295
7.0 0.28468701243400574 0.5441669821739197 0.06312501430511475 0.08666694164276123
8.0 0.7856249809265137 0.6075000166893005 0.10749995708465576 0.19666695594787598
9.0 0.4996879994869232 0.5320829749107361 0.15812498331069946 0.1575000286102295
