0.0 0.37956253401472095 0.39520375914395633 0.24737444374159273 0.16955504037841201
1.0 0.20354311143905557 0.6554513868686282 0.1375774364507211 0.5490064213416853
2.0 0.4315960772377444 0.7742794464790057 0.21404647253215514 0.12223850246226098
3.0 0.906952139511571 0.466758495391812 0.06581697787242291 0.19640996753051382
4.0 0.7823877781042596 0.3038401003775636 0.18581073091147593 0.1567414049141561
5.0 0.6679725003818902 0.6934893103019328 0.20281613267118692 0.13213043930402912
6.0 0.6128632042639028 0.488756728949701 0.2885850082695635 0.4137645819065264
7.0 0.09608093759212422 0.6388006543187791 0.11211281490702135 0.14596061444815422
8.0 0.8137101368049326 0.4916226876509424 0.1876739863268887 0.294189232640375
9.0 0.4084853780462644 0.5478311537137039 0.24713992798521128 0.2745574698241313
