0.0 0.3536759822631589 0.36724021457217826 0.2613184739045361 0.1392926509659777
1.0 0.12965494081118248 0.6055808562697844 0.0720649446774508 0.5863170404188534
2.0 0.36356599539563017 0.7859170844891348 0.22918562671978154 0.0837808046596723
3.0 0.9132835726277522 0.5527688120144488 0.050758330842174626 0.22268046984902545
4.0 0.7976645102628334 0.3492461995622013 0.19282795405274045 0.14020612533531196
5.0 0.6235795158229274 0.7380184972067101 0.20878452232195632 0.10188146484666627
6.0 0.5922649102825457 0.5190878880685668 0.2704734573508335 0.4046446990504302
7.0 0.04940123115089916 0.5759171701118504 0.09880246230179832 0.14305904912523193
8.0 0.8059640003254863 0.5571440918735224 0.1803510939356252 0.2856347496446697
9.0 0.3667199538705931 0.5383037256342897 0.2411853236574003 0.2534479039645488
