0.0 0.42281758765388744 0.34039358007933274 0.25503769960280476 0.16196216307159783
1.0 0.16756490379025663 0.4910892103691941 0.09659459660435664 0.5298379465267814
2.0 0.36664196090927476 0.7128600136291012 0.22992558754445558 0.13126550994710284
3.0 0.9153755591232651 0.6501476784975575 0.048042443826065706 0.22389958335162918
4.0 0.8286125340123613 0.4480187145079845 0.19343940742339327 0.14714245540992782
5.0 0.6096949296991517 0.7490823062466109 0.21785912528786877 0.11701468627743772
6.0 0.6296898811282491 0.5431041616520307 0.28145413945390446 0.4134431152964797
7.0 0.07708292908771644 0.4260387321884539 0.14311145040466627 0.20005639630192046
8.0 0.8270954525938559 0.650420143214225 0.19855422824163504 0.2987842495075306
9.0 0.4117499399586641 0.4840430446426126 0.25552638216959933 0.2591728378630343
