6.0 0.6219823369589503 0.6031453388465609 0.29442206794169934 0.42882777518572024
1.0 0.1624113453319683 0.5277841212304514 0.11000622426563923 0.584875420924849
2.0 0.34682719848294963 0.7805439296030939 0.24022807147922826 0.11178105481682055
3.0 0.9180359517375238 0.744343918918777 0.05696053805255119 0.21496212835292539
4.0 0.8520411012232034 0.5131124847915857 0.1984881422049135 0.15887887959895902
5.0 0.6048636951471833 0.8341014815201925 0.21426527862389355 0.11645100654148388
8.0 0.8048098975905176 0.7371606936017716 0.17767751186863767 0.3064117102107776
9.0 0.39797457153489824 0.5479991168121426 0.27104844460905836 0.2888686927622621
7.0 0.06536166091989021 0.47169696191076205 0.12201380607275779 0.18383939228256824
0.0 0.41440058304711835 0.37701479808284344 0.26457254487561893 0.1563282191486769
