0.0 0.3848871968792271 0.39630845532028375 0.2548451458277996 0.1569730845351318
1.0 0.18159547458466085 0.647121594218856 0.10174988980986183 0.5835339370287297
2.0 0.42189777373421977 0.8000104007679933 0.2246205369889946 0.10980747468016816
3.0 0.9332173869467806 0.5348473422778754 0.06125965866159644 0.21600007632383755
7.0 0.0847730438035676 0.6395451771838568 0.12068167144143094 0.16652447089342304
9.0 0.41148277062059035 0.555871194344894 0.2505245859482173 0.26657886170269324
8.0 0.8270528314656789 0.549597144216118 0.19419346375475766 0.3166672251960564
4.0 0.8152051267302891 0.34196434214910115 0.19082691198016877 0.14528431702235034
6.0 0.6331264273370951 0.5213764190985664 0.27183940609831586 0.4093852564567137
5.0 0.6661189014959523 0.7379415063369623 0.20305366124445712 0.11959043794958624
