0.0 0.4011719971895218 0.3717550039291382 0.2523439824581146 0.11007297039031982
1.0 0.1707029938697815 0.582035019993782 0.04140600562095642 0.5804780423641205
2.0 0.39101600646972656 0.785565972328186 0.21171903610229492 0.06334400177001953
3.0 0.9207029938697815 0.616303026676178 0.04140603542327881 0.21080005168914795
4.0 0.8269529938697815 0.41017699241638184 0.1773439645767212 0.1204569935798645
5.0 0.6367189884185791 0.764277994632721 0.203125 0.07476603984832764
6.0 0.6300780177116394 0.5462099760770798 0.22734403610229492 0.36552396416664124
7.0 0.07578100636601448 0.5669779777526855 0.10625001043081284 0.12253403663635254
8.0 0.825780987739563 0.6240910291671753 0.1625000238418579 0.2658360004425049
9.0 0.40781301259994507 0.5410179942846298 0.23906302452087402 0.22429898381233215
