0.0 0.4034264803592008 0.26257837793332744 0.2596209725045208 0.13424367985173005
1.0 0.2379621635735285 0.47820784237236746 0.06836679125025583 0.5597512423594668
2.0 0.4065858418170923 0.6752338100235489 0.21770155779821965 0.07774717184204538
3.0 0.9257100435875375 0.4800698075663838 0.04670997231115037 0.20495306075648412
4.0 0.8326479898287276 0.2702787171395503 0.18298738965270056 0.13344718430251523
5.0 0.6556263555773854 0.6409032074029144 0.2156280000211087 0.08920065538898403
6.0 0.6387551805377494 0.4270366706094475 0.25482211252041365 0.3954704211331137
7.0 0.08553314253112759 0.4593350250651078 0.11793427425694214 0.15988094570408912
8.0 0.8322060658091661 0.4898334793032676 0.1715167786813666 0.2800295246297733
9.0 0.42082029228573464 0.43067562806765214 0.2527705201698781 0.25381088709712557
