0.0 0.4050000011920929 0.3617109954357147 0.2512499690055847 0.10714298486709595
1.0 0.16968700289726257 0.5606309771537781 0.043125003576278687 0.4501659870147705
2.0 0.39500002562999725 0.7616279721260071 0.21375003457069397 0.05149495601654053
3.0 0.9134380221366882 0.5967610031366348 0.03562498092651367 0.19518300890922546
4.0 0.8293750286102295 0.392441987991333 0.17624998092651367 0.11212599277496338
5.0 0.6403120160102844 0.750415027141571 0.1956249475479126 0.0672760009765625
6.0 0.6274999976158142 0.5311460047960281 0.23749995231628418 0.3679400384426117
7.0 0.0696870032697916 0.5444350242614746 0.08937500044703484 0.09219300746917725
8.0 0.8199999928474426 0.6046509742736816 0.1625000238418579 0.267441987991333
9.0 0.41374997794628143 0.5249169915914536 0.22124996781349182 0.2308969795703888
