0.0 0.4084531207201549 0.32236171241917666 0.24644849209018316 0.14653828093331853
1.0 0.19657135830516576 0.4872081311990012 0.09505725968641368 0.5615071864049237
2.0 0.36599609470742533 0.709943923481423 0.2171186301506709 0.09535368718586756
3.0 0.8787341687154452 0.6432805564792821 0.0638800830029771 0.20697250108463305
4.0 0.8110883181227426 0.4236615827101153 0.18542715026376388 0.15234003836463894
5.0 0.5981162659474202 0.7336061239112635 0.20179593780799626 0.10084342022541015
6.0 0.607237455967126 0.5216313663534241 0.2711818788109413 0.40274457194224
7.0 0.07427381340114418 0.4420751004940349 0.11553532345891507 0.1420450061806865
8.0 0.7818356246890388 0.6255047811961658 0.17753528703105903 0.2790146970035355
9.0 0.39997072000652967 0.4787596558705938 0.2366011000771558 0.26558732258903606
