0.0 0.3841492722229612 0.36509462308194107 0.2587035495502247 0.13173173674662747
1.0 0.17076986449588402 0.5966289777625039 0.071102135759394 0.5619326252956556
2.0 0.4030058303583799 0.7630475265414743 0.21349110668975807 0.0807702811199138
3.0 0.9356492705013053 0.54805193380016 0.04653162598727223 0.21309045157077877
4.0 0.8209279157269174 0.35510592300045757 0.19027310794277186 0.1358033970272069
7.0 0.0692171892297651 0.5768365932144934 0.10053872662692413 0.15564799896680837
5.0 0.6457964268217622 0.7291502211165792 0.20371696854100918 0.09286365552914089
6.0 0.6228961356650453 0.5099718755039091 0.2673218629937276 0.4023691270370726
8.0 0.832963459036683 0.5658826327251241 0.19656422508450244 0.3083392746675667
9.0 0.39914709424503214 0.5272153199599893 0.24491413028971626 0.24945999333903351
