0.0 0.36605501839486854 0.4453151046230489 0.26284416360773777 0.17573681996124363
1.0 0.1814805104628423 0.7241978538157051 0.12607372919717888 0.5516042923685898
2.0 0.4229710886921245 0.8539943754096755 0.23116452939020898 0.13362969050374296
3.0 0.9663174434828924 0.511607487812973 0.06736511303421522 0.22909651666717767
4.0 0.8179825404292569 0.3218053850009234 0.23070290328118925 0.20483520422190046
5.0 0.6754496242587817 0.7652878262234539 0.221157196814318 0.1432153518606989
6.0 0.621366474619787 0.5440310503047956 0.29618380854451004 0.44103507339388964
7.0 0.08449851734236768 0.7340325480866512 0.12943400362791002 0.15862497526945718
8.0 0.8540975584890083 0.5504807304599239 0.2366440614309392 0.34926768347350956
9.0 0.3990664951142397 0.6073654670475075 0.27846296046324837 0.2912045471039709
