0.0 0.38726925335908985 0.37247630477134064 0.27832075300435355 0.16494515475678034
1.0 0.1327979415712157 0.5330376140800432 0.11084906823377194 0.5599754195253653
2.0 0.3422477538878182 0.7940030953066151 0.2232452380799618 0.11029546539973478
3.0 0.9181714230450799 0.7344645749661172 0.062401934227420686 0.23845570903509727
4.0 0.8437565166282794 0.4872205600447725 0.2214846663159208 0.17245755254467976
5.0 0.5903354524838532 0.8241520788811622 0.21880925865465256 0.11853627806174494
6.0 0.6045501561868162 0.5892905454352293 0.2982866518027647 0.46097859006719905
7.0 0.05755688993477657 0.49228941746641897 0.11511377986955314 0.1767027440025259
8.0 0.8032872759699354 0.7129765435752442 0.20187764960476462 0.3310668566127427
9.0 0.36930663934240365 0.54214468864798 0.2778950983245875 0.2898483698437258
