0.0 0.39031183662976005 0.37388533801808366 0.27167119953874586 0.11190654255902682
1.0 0.12210474009789823 0.5988257738137257 0.053866270232187055 0.638655581108578
2.0 0.3684388441694715 0.8116600966515504 0.2275683884861479 0.07542410187729287
3.0 0.939830068488609 0.6460590910998334 0.03836199408898833 0.21241470382476646
4.0 0.8435905579288223 0.4250732807827192 0.18427847080065596 0.12032946282500995
5.0 0.6428975000179824 0.8057032160540918 0.2201519979484794 0.08359604714919455
6.0 0.6303167833697456 0.563350985195966 0.2608588376734472 0.4056581371001519
7.0 0.04544250861897326 0.5401549873143475 0.09088501723794652 0.14277090058866965
8.0 0.838613820711841 0.6417816194566835 0.15779827600428264 0.284269942518761
9.0 0.3951074625216878 0.550895491303747 0.2423760869320839 0.24424475329067197
