0.0 0.4074220210313797 0.3914850056171417 0.24921903014183044 0.1100730299949646
1.0 0.19570299983024597 0.6085150390863419 0.05234399437904358 0.5462100207805634
2.0 0.41249997913837433 0.792834997177124 0.2203119695186615 0.09034299850463867
3.0 0.9421870112419128 0.5950160175561905 0.04375004768371582 0.2076840102672577
4.0 0.8374999761581421 0.4013499915599823 0.1875 0.11941802501678467
5.0 0.6527339816093445 0.7637590169906616 0.2070310115814209 0.06957399845123291
6.0 0.6414059996604919 0.5446519702672958 0.2437499761581421 0.3686399757862091
7.0 0.09492199867963791 0.5773620009422302 0.10703100264072418 0.14122498035430908
8.0 0.833594024181366 0.6105920076370239 0.1781250238418579 0.26168203353881836
9.0 0.42500001192092896 0.551921010017395 0.22968697547912598 0.22533702850341797
