0.0 0.4239056691334166 0.3996395121991514 0.254770359613827 0.11403055748806085
1.0 0.20264324099743686 0.6209409787489555 0.05116306206737323 0.5959295254626783
2.0 0.4256125723629952 0.8133845633661203 0.21699543119782194 0.07268316457082113
3.0 0.9680785746599402 0.6243138541144727 0.03459073077096231 0.2012912114169194
4.0 0.8614901626558535 0.40802805509087814 0.18692563535897955 0.12205487971177176
5.0 0.6767130965727766 0.7882215155489287 0.20520245193749798 0.07552213578679468
6.0 0.6585308693542824 0.568757624825363 0.25225330506935995 0.3843125733601488
7.0 0.08422612217173316 0.5970866822645969 0.11493714284770237 0.13986370970228634
8.0 0.8658141675589237 0.6230699071336847 0.16943053411068953 0.28390643782165637
9.0 0.4313449498905036 0.5734215000025945 0.22958184752276745 0.23990454973969838
