0.0 0.43571168734681665 0.3301057872643786 0.237740010858362 0.13476528403630006
1.0 0.24522529924501674 0.45615281332899243 0.0714794061694641 0.4164161955909854
2.0 0.39335798894083085 0.6969286146064912 0.19685231422061383 0.08700483772177103
3.0 0.8818650988368533 0.6384587686690044 0.052353576222314846 0.18061152819507287
4.0 0.8240275116157644 0.4302558007636404 0.1733057783730847 0.12657300763785206
5.0 0.6131514400471185 0.7233221941356237 0.18755842062700123 0.0929169526536735
6.0 0.6190308750861858 0.5239942405732312 0.2488139284205826 0.37667226890954825
7.0 0.12489794665434947 0.43990268023651413 0.09449900551260187 0.10804772177099614
8.0 0.7864250865308603 0.6326904300333611 0.16326384965096508 0.2374159992984043
9.0 0.42315674098737655 0.4828535396012304 0.2296121484626923 0.23938615709002475
