0.0 0.3946879953145981 0.40074801445007324 0.25312498211860657 0.09385401010513306
1.0 0.1862500011920929 0.6096349954605103 0.043749988079071045 0.5946840047836304
2.0 0.38874998688697815 0.808139979839325 0.22499996423721313 0.06976699829101562
3.0 0.934374988079071 0.6461790204048157 0.04250001907348633 0.20930194854736328
4.0 0.831250011920929 0.4318940043449402 0.1875 0.11129599809646606
5.0 0.6443750262260437 0.8023260235786438 0.20749998092651367 0.06478404998779297
6.0 0.6271880269050598 0.5768269896507263 0.25562500953674316 0.37292397022247314
6.0 0.051249999552965164 0.5581399649381638 0.10125000029802322 0.1461789906024933
8.0 0.8321869969367981 0.6436880230903625 0.15562498569488525 0.2724250555038452
9.0 0.3987500071525574 0.5693519562482834 0.24000000953674316 0.2300659716129303
