0.0 0.4394559317670277 0.32608730728205787 0.25146761116080324 0.1660326262847831
1.0 0.23453831765045685 0.4823764362560349 0.12402623750763767 0.5556390452565088
2.0 0.3633372818296803 0.7000790715809593 0.22383341175012728 0.12346690591711629
3.0 0.9043122585588519 0.7007443084343629 0.07030825572549437 0.19925254192766362
4.0 0.8348508508590915 0.47655252168629203 0.1863028324122289 0.1547427514223631
5.0 0.6107610999874552 0.7628462652110728 0.21048091272365754 0.12065396987555477
6.0 0.627088614255377 0.5447918824244573 0.27987925384222123 0.41802595892971933
7.0 0.11125256049357683 0.4021690609168941 0.10951436373327775 0.14813095565462214
8.0 0.8016142015569134 0.6570082454914523 0.17908773688500756 0.2847328522645687
9.0 0.4179627933691198 0.48597414395292216 0.24553316092489624 0.2620190172810968
