0.0 0.40625 0.3214290142059326 0.23500001430511475 0.10963499546051025
1.0 0.19062499701976776 0.5245019644498825 0.04875001311302185 0.4277409613132477
2.0 0.3959369957447052 0.6976739764213562 0.2006250023841858 0.06976699829101562
3.0 0.8915629982948303 0.5622919648885727 0.04812502861022949 0.18604698777198792
4.0 0.8106250166893005 0.35963499546051025 0.16624999046325684 0.10465097427368164
5.0 0.6240620017051697 0.6955980062484741 0.18812501430511475 0.07059800624847412
6.0 0.6128119677305222 0.49003300070762634 0.22687497735023499 0.3504980206489563
7.0 0.1040629968047142 0.490448996424675 0.09562499821186066 0.11877098679542542
8.0 0.7993749976158142 0.5568940192461014 0.16624999046325684 0.2549830377101898
9.0 0.41343797743320465 0.47715897858142853 0.21937498450279236 0.20847198367118835
