0.0 0.4554362369470044 0.25121212654117653 0.2668431037795019 0.19181634300366152
1.0 0.21117730111170102 0.4012579177730828 0.14627976411112495 0.5729926049912316
2.0 0.37461217135321867 0.6505101500628065 0.219198619299524 0.11976952896182713
3.0 0.9036747200256581 0.6354758538518825 0.07473762352981617 0.21221368637696492
4.0 0.8601649030485828 0.41214848175052465 0.19199608517026645 0.18279179510784432
5.0 0.6180917467511988 0.701762752787588 0.20283103419978976 0.1285810014786396
7.0 0.09819270093614287 0.3314337601767441 0.1445614649647575 0.18212892067762426
6.0 0.6466183955958396 0.4901802095206414 0.2813736538594186 0.42631152897516655
8.0 0.8093543811321162 0.6135262020698857 0.19163691294597596 0.3076839844887928
9.0 0.42975126697152505 0.4184969075162889 0.26454648543456505 0.285442130498752
