0.0 0.36703411920114754 0.43891225951797763 0.2759813673941086 0.18636672115949254
2.0 0.4357502533700569 0.8563665025928785 0.22919319550251882 0.1317848769606531
3.0 0.972952122240263 0.5016856445646508 0.0540957555194741 0.22881259929974157
4.0 0.8449292336854868 0.3027462534903095 0.22777703640895985 0.19699368857610028
6.0 0.6433396489551884 0.5406257869557598 0.32043241417260815 0.4656983064786627
1.0 0.17769380284266892 0.7169422610009375 0.14537692918320227 0.566115477998125
7.0 0.08662171141841356 0.7244725069475029 0.11520257910170525 0.1556247086730972
9.0 0.4101619375770539 0.6048971829012595 0.2668502231926344 0.31031298325330436
5.0 0.6948088008211111 0.7628512527113585 0.22824074782107096 0.13305159880645323
8.0 0.8708503251152055 0.5388116209561692 0.23989666480949157 0.351079439337326
