1.0 0.15944727068262532 0.6216555917559843 0.06667427983117152 0.5924905461605443
7.0 0.05377153624229168 0.5944927638370376 0.10680619723895207 0.17207532728015773
9.0 0.3998515565745411 0.54476499593234 0.2559262580715637 0.2604999124868737
2.0 0.3962852012702528 0.7894084963917516 0.22265413995566763 0.08181111555584863
0.0 0.37922226274548865 0.3788740399381787 0.259256127588035 0.11808669677866812
4.0 0.8306276480674194 0.3617517640005926 0.19308575205332268 0.13525796884820002
3.0 0.9403650957473347 0.5554566234139549 0.042310137457915564 0.21001947392440085
8.0 0.8347867313283811 0.591968182143685 0.1861052401076524 0.29136725407487135
6.0 0.6224114150895875 0.5298263129477682 0.2739242934300072 0.40729756272885725
5.0 0.6476041930560322 0.754828277637072 0.20931350704532514 0.08804045301039576
