0.0 0.38671840947948144 0.39524784607125163 0.26989683115246366 0.1423808816419645
1.0 0.20010613320966827 0.6342133789871534 0.07076604389935182 0.605285004281945
2.0 0.40387275841657677 0.8147633821716465 0.23519401684905294 0.09051000578384538
3.0 0.9492079186473965 0.587724548326041 0.048531544430029716 0.22725707901247322
4.0 0.8309808953518912 0.37516534674597923 0.19785828582595677 0.14236333154467345
5.0 0.6588380104647207 0.7793000304931375 0.21055882104552825 0.09318815146234682
6.0 0.6316413349570261 0.5555285582207659 0.267629974416365 0.40263850237192816
7.0 0.060453718160056104 0.6169784990541072 0.11283992465759611 0.17296106369135422
8.0 0.8435891608020138 0.597275013834464 0.17989467608806964 0.28985120401509257
9.0 0.406088809557275 0.570859484698123 0.2724530736666156 0.2692761786377344
