0.0 0.371657483827408 0.38410928358979746 0.23435273135997237 0.10456044797276232
1.0 0.19713457397078474 0.5906160944534498 0.050369947474746324 0.4249227170803559
2.0 0.3548271881097785 0.7549073650613205 0.19853086337476833 0.06180444033022903
3.0 0.8542500086091938 0.6214155510997494 0.03948343738786353 0.19388620831219705
4.0 0.7743843714368674 0.42665261940764354 0.1677351133120374 0.11381063128474439
5.0 0.5887191236153042 0.751991473763665 0.1900009513926656 0.07228813271005341
6.0 0.5813234059805361 0.5444290616350878 0.23501841490934794 0.3551457557166101
7.0 0.07428800960765665 0.5434668456201337 0.08663090065583437 0.11674000087856384
8.0 0.7622566141336098 0.6256282766334179 0.15412729728763996 0.24441732430801366
9.0 0.3759061932641613 0.5304921733042619 0.2159710001592327 0.21508401678125394
