0.0 0.35596912858056284 0.33233287036925874 0.22854761274873683 0.14073474252438362
1.0 0.17697002026111452 0.5020776124483346 0.08070536244103046 0.4681406905525975
2.0 0.3159584681677293 0.6840082398311309 0.19655332145752769 0.0836654789925887
3.0 0.7876838352967068 0.6019421439139219 0.054038060373470365 0.20205202627151553
4.0 0.7222153768676178 0.4106224186993038 0.1680115774971468 0.13450353770944984
5.0 0.5340833592578542 0.7010380745370126 0.1867710280248407 0.09758643427490032
9.0 0.34613936391486283 0.47505707401200026 0.21509241426383963 0.2305394977570152
7.0 0.07297316163171659 0.4506582450819625 0.10558089300063021 0.1483100544441312
6.0 0.5449086699295341 0.5116356982901001 0.22986666610643125 0.35567530134816766
8.0 0.6933383170393054 0.5871605308327417 0.15934568496791268 0.2575945487279916
