0.0 0.424219012260437 0.4267910122871399 0.2562500238418579 0.11422598361968994
1.0 0.19179700314998627 0.6438210010528564 0.04453098773956299 0.5815160274505615
2.0 0.4167969971895218 0.839044988155365 0.22109398245811462 0.07269001007080078
3.0 0.956250011920929 0.6645900011062622 0.03750002384185791 0.20768404006958008
4.0 0.8597660064697266 0.45794400572776794 0.1757810115814209 0.11838001012802124
5.0 0.6679689884185791 0.8203529715538025 0.2015630006790161 0.07061302661895752
6.0 0.6558589935302734 0.5976120084524155 0.2382810115814209 0.3686399757862091
7.0 0.10078100301325321 0.6105920076370239 0.11562500521540642 0.14122498035430908
8.0 0.8535159826278687 0.6744549870491028 0.1601560115814209 0.2419520616531372
9.0 0.43671898543834686 0.5913810133934021 0.23749998211860657 0.248183012008667
