0.0 0.36781200766563416 0.23380400240421295 0.25312501192092896 0.10548201203346252
1.0 0.18843799829483032 0.45597998797893524 0.046875 0.5581399500370026
2.0 0.37312498688697815 0.6357970237731934 0.23000001907348633 0.06063103675842285
3.0 0.9053120017051697 0.46968400478363037 0.044374942779541016 0.21179401874542236
4.0 0.8140630125999451 0.2628740146756172 0.1956249475479126 0.12707601487636566
5.0 0.6109380125999451 0.6295679807662964 0.20562493801116943 0.07308995723724365
6.0 0.6046879887580872 0.4090529978275299 0.22937500476837158 0.3679400086402893
7.0 0.05312500335276127 0.41901999711990356 0.10375000163912773 0.13704299926757812
8.0 0.8028129935264587 0.48463499546051025 0.16812503337860107 0.2632889747619629
9.0 0.3746879994869232 0.4003319889307022 0.2306249737739563 0.2325579822063446
