0.0 0.3878909945487976 0.42575299739837646 0.2539060115814209 0.1204569935798645
1.0 0.17421899735927582 0.6495329886674881 0.04531198740005493 0.5846310555934906
2.0 0.3863280266523361 0.8354099988937378 0.2460940182209015 0.06542098522186279
3.0 0.9570310115814209 0.6547250151634216 0.03281295299530029 0.22741401195526123
4.0 0.849219024181366 0.43977199494838715 0.20624995231628418 0.13395598530769348
5.0 0.6445310115814209 0.81256502866745 0.22343802452087402 0.07995796203613281
6.0 0.6347659826278687 0.5950160026550293 0.2601560354232788 0.3717550039291382
7.0 0.06132800318300724 0.6220149993896484 0.11484400555491447 0.1246110200881958
8.0 0.8503909707069397 0.6593980193138123 0.17890596389770508 0.2782970666885376
9.0 0.39140598475933075 0.5898230075836182 0.26249995827674866 0.240913987159729
