1.0 0.12092740247387487 0.6624478089347401 0.13312432060424645 0.6028719918371078
7.0 0.04519832014094023 0.6465875867681692 0.08746508706192602 0.17754038893725033
9.0 0.37020719753716175 0.5394129721032983 0.28637384741767036 0.31542391702249795
2.0 0.3916933570253473 0.790230760669804 0.2314001843907415 0.12230734851220026
5.0 0.6573927873780185 0.7037230578993517 0.2237998143341956 0.12945022929081174
8.0 0.8404448432213107 0.49078454994591403 0.22471267316775256 0.33821626607175154
3.0 0.9335911817367608 0.45201343716650205 0.07207748007637094 0.2196770729595242
4.0 0.7866025336516815 0.2652941745996934 0.20509501724682477 0.16909462426421346
6.0 0.6042279470619684 0.4784646178380353 0.32896515005267 0.46781707920285776
0.0 0.33269035148112747 0.3717104533493225 0.2773563583599524 0.16869086376953257
