0.0 0.36802000567345095 0.3895845858961786 0.25961357668989926 0.16286910865345788
1.0 0.1810662153199158 0.61888036969029 0.09775488110581063 0.5616582052761107
2.0 0.3949934812278077 0.7906757513733702 0.21984159458215646 0.09833682931252274
3.0 0.9219222417369823 0.5582585284261938 0.05403764844966796 0.2199222583889865
4.0 0.8147450235011764 0.35409086121134525 0.205749136800786 0.14961495350134063
5.0 0.637130505134785 0.7451168399787589 0.20653553304464012 0.11834853666704459
6.0 0.6107393184073409 0.5292394577408133 0.2603163728038266 0.42229915765055026
7.0 0.06706518636878148 0.6210832561122579 0.11145748915717456 0.15173673138294186
8.0 0.8159629726386295 0.5784564403507841 0.1876909434050248 0.30961135120260047
9.0 0.3874537308103976 0.5579673883656018 0.24727996735257474 0.25597756835657703
