0.0 0.3929689973592758 0.3842160105705261 0.26406195759773254 0.1163029670715332
1.0 0.19335900247097015 0.60384202003479 0.03671899437904358 0.6033229827880859
2.0 0.3863280266523361 0.8042579889297485 0.23203101754188538 0.06749701499938965
3.0 0.942969024181366 0.6323990225791931 0.035936951637268066 0.22429895401000977
4.0 0.8371090292930603 0.4086189866065979 0.1914060115814209 0.12357199192047119
5.0 0.6425780057907104 0.794393002986908 0.2070310115814209 0.07269001007080078
6.0 0.628125011920929 0.5685359835624695 0.24687504768371582 0.37902402877807617
7.0 0.05507800169289112 0.572690024971962 0.10390600189566612 0.16303202509880066
8.0 0.8371090292930603 0.6313599944114685 0.16484403610229492 0.2741429805755615
9.0 0.4023439884185791 0.5612670332193375 0.2593749761581421 0.24402901530265808
