0.0 0.41468700766563416 0.34551501274108887 0.24062496423721313 0.10465097427368164
1.0 0.237186998128891 0.5527409762144089 0.04187500476837158 0.555647999048233
2.0 0.3959370106458664 0.732142984867096 0.21812501549720764 0.0672760009765625
3.0 0.9262499809265137 0.5901160091161728 0.04250001907348633 0.19185999035835266
4.0 0.8246880173683167 0.38870400190353394 0.1731250286102295 0.11129599809646606
5.0 0.6478130221366882 0.7284049987792969 0.2043750286102295 0.06810605525970459
6.0 0.6312500238418579 0.5103819817304611 0.23000001907348633 0.3646179735660553
7.0 0.10437499359250069 0.5066450238227844 0.0924999937415123 0.12624597549438477
8.0 0.8190630078315735 0.574335977435112 0.14437496662139893 0.2516609728336334
9.0 0.41750000417232513 0.507889986038208 0.2187500298023224 0.20847201347351074
