0.0 0.4106425093898475 0.4047667093427038 0.27261255322925426 0.14831880722349533
1.0 0.16782881651253212 0.6109669226197594 0.07773711490797511 0.5811656155279934
2.0 0.38948345396674494 0.8292097710382054 0.23724189648180471 0.08736831882362739
3.0 0.9626567844357604 0.6995339075240988 0.04368404111396096 0.23127996096102188
4.0 0.8723719182623304 0.46810584966725544 0.20735794471276792 0.15516120418961532
5.0 0.648946192331036 0.8333207405457748 0.21853894739232593 0.08739664533467251
7.0 0.07188797134610465 0.577736074464114 0.10815710426097644 0.14774276466381386
6.0 0.6530197581031648 0.6100958257698608 0.2587952846285231 0.410683179617494
8.0 0.8633619787890117 0.6993785775260706 0.2037087527578425 0.3165584131862126
9.0 0.41014542578673796 0.5876531008533785 0.2726346677272365 0.2767677481222498
