1.0 0.15967641879689126 0.5332062140647713 0.055232966605294115 0.5961081224583751
9.0 0.41091324659962314 0.48590650907788 0.24162995915694868 0.2430989687080729
2.0 0.3836597563757357 0.7270012790516863 0.21716221456435947 0.07869940342798887
5.0 0.6412107884515095 0.7169413739626357 0.20775265925142794 0.07664942135915043
6.0 0.6308837320754277 0.49173463265690054 0.25651210699375415 0.397976121693401
4.0 0.8499723715117657 0.34919742478002747 0.1877648523306905 0.1288956911362687
3.0 0.9448384877949139 0.5691960874564188 0.03983308988826195 0.20733454358279552
8.0 0.8432371390325315 0.5820043796560515 0.18884506022165803 0.28071125482687354
0.0 0.39901287715292777 0.31423157392340373 0.25540658759697576 0.11263496905302861
7.0 0.06532928902111995 0.4902258643767451 0.10675131071381513 0.1603579129820329
