0.0 0.3774545715459603 0.4192020122834521 0.27802672617931884 0.1872775160250797
1.0 0.1900532462817653 0.707823448846074 0.1380369559897283 0.5843531023078521
2.0 0.44663004013099966 0.8467241498741738 0.22833492401079514 0.1321094254799814
3.0 0.9623755341630094 0.4823716224034464 0.07524893167398117 0.22233566266492588
4.0 0.8308393545378723 0.3035825260370063 0.20692663812483836 0.1842081556291582
5.0 0.6970017832130089 0.7422969617575579 0.22008795065954423 0.12434635489734902
6.0 0.6420246621486592 0.5209342947352937 0.311652036135165 0.4589047426372795
7.0 0.07950430197867571 0.69122916443271 0.11331019136242662 0.1608069084222138
8.0 0.8590414616938092 0.5193625535555366 0.20474432999373016 0.31619543320012894
9.0 0.4183041754929152 0.598283502125472 0.26127463924684413 0.30118074882251633
