0.0 0.36934089289120464 0.4291235613298814 0.25266000741611755 0.17843492685952228
1.0 0.19164718849267043 0.715027978571483 0.14368031288973415 0.5550517340694867
2.0 0.43683335543967206 0.8104249567661368 0.21654791075272817 0.1292533404833326
3.0 0.9070467171959069 0.4800924996516631 0.07118014370736148 0.2060310391226452
4.0 0.7854536597329884 0.3198743173305436 0.19905225844843621 0.17274814931819527
5.0 0.6685073027085349 0.7204365920776898 0.20663943508131 0.13634759864556112
6.0 0.6110683507649058 0.5167018654371229 0.292157598439231 0.42758058854310665
7.0 0.09639883437796679 0.6950286879748684 0.11198798049493415 0.15180066645584345
8.0 0.8159392411893007 0.5161508502565566 0.2014752715307967 0.3011136743940056
9.0 0.4116127591050594 0.583167604552743 0.24991455475160385 0.2802661004868638
