0.0 0.3877700693416981 0.3298210834858154 0.2625229911930276 0.11869114868665076
1.0 0.19213816966932912 0.5551932390496832 0.06026401620865679 0.5848864258927619
2.0 0.3931699285055712 0.7435207018392673 0.22527575714833986 0.08506696082440612
3.0 0.9360550645452888 0.5388255720749006 0.0492994382524089 0.21155714299097467
4.0 0.8300299255983191 0.3288000103783333 0.18550315415598218 0.12666502281369624
5.0 0.6501551926554228 0.7108026255253456 0.2131133835197806 0.07525432889722561
6.0 0.6225875797709144 0.48959385055836646 0.25880128100339417 0.3859887058959932
7.0 0.07130202873023064 0.5235156329488186 0.10327097583577495 0.12771261520510807
8.0 0.8287375213985212 0.5379589103331438 0.16652528510195852 0.27050636548976986
9.0 0.40050159150082076 0.499096057744421 0.2296724297685755 0.2385410262604158
