7.0 0.08352028870292806 0.37123488773581886 0.12880989599666096 0.17888555986144872
1.0 0.22175541913351565 0.4462393315151232 0.128211014323652 0.5828424036072424
2.0 0.37019029727429076 0.6933860735902455 0.2304423869169519 0.12249069795078682
9.0 0.42485857891357914 0.45615214913276403 0.27263718615578475 0.29356479239416816
0.0 0.43636956649169834 0.2819971978187257 0.2670550877339603 0.1692184471000374
4.0 0.8722220298095944 0.42761658284078696 0.19837660885960218 0.160186527422975
6.0 0.6464082130870903 0.5191516396330819 0.3092085799865494 0.44752917015776045
5.0 0.6285886410688933 0.7454365965719774 0.22538100153378493 0.1311842145352613
8.0 0.8328851179323865 0.6546949646926797 0.24769506535376595 0.3208107664421947
3.0 0.940676770493319 0.6656338016822856 0.07623231683410714 0.21630673570374725
