0.0 0.353919063942875 0.38234179439904825 0.2558146822838488 0.17250566065869183
1.0 0.20103183190976176 0.6281963483710908 0.12422460268975974 0.44127793641691015
2.0 0.4224337092280422 0.7704767629460312 0.22155779880857585 0.1251279861346556
3.0 0.8867745730650154 0.44328842354372744 0.07684965064681759 0.2065485275573799
4.0 0.7685234205539733 0.2797940268052766 0.19090527328548856 0.16286527242880275
5.0 0.6499452483165061 0.6774609383733037 0.21125511734247304 0.13182742095511102
6.0 0.5993184833904414 0.4680397056570679 0.28340545833935155 0.4155455938012638
7.0 0.0873610822776275 0.6552643984719198 0.1041308154955762 0.14332300039074575
8.0 0.7931670142971252 0.48753944376134684 0.20833922696844664 0.3065209038616587
9.0 0.39370195928113494 0.5324387379597362 0.25101897976715976 0.2847666662393772
