0.0 0.3787958352917559 0.34207549471684884 0.24156297563867235 0.13140267061794775
1.0 0.15297688360530404 0.4929917249863917 0.08060928600012822 0.453144157827558
2.0 0.3477931869551702 0.7244133769982338 0.2152041560152279 0.10153887177240017
3.0 0.8499895742064736 0.6110040559039904 0.06503095441418083 0.1978252297844717
4.0 0.7763323718062745 0.4088668789603913 0.16633961119872143 0.12808804392674672
5.0 0.5836541766752285 0.7302830049891448 0.2025095456211659 0.09647385479512138
6.0 0.5834396985576282 0.5293684441672171 0.273589540706313 0.3849695248986766
7.0 0.05387242627658573 0.47476715843518436 0.1038939350040188 0.14618073518647218
8.0 0.753341552837999 0.6052390185048787 0.16971219298106688 0.25430454180183776
9.0 0.371669639950026 0.4935032066572391 0.23084044725235414 0.25807092871096254
