0.0 0.4094437713825676 0.4079084094713642 0.25674793397480894 0.16024076570526724
1.0 0.16075677257971485 0.5775301509218943 0.09016467750267687 0.576497718417585
2.0 0.3643580347568278 0.8185650948891012 0.2186753643147486 0.11054530569509124
3.0 0.9224492109249102 0.7481506086879776 0.06175138849561601 0.23035345167933952
4.0 0.84887775355617 0.5133800942750885 0.2096028837323739 0.15488542608312117
5.0 0.6108140899006397 0.8514435255111967 0.21484389363551415 0.11909635323815926
6.0 0.615310915202194 0.6189758585725266 0.2658822611884077 0.4098049835729623
7.0 0.07528012051762056 0.5301499169353789 0.10660199822026173 0.17535078860895792
8.0 0.8075739837349903 0.7306689216847291 0.19630997689321328 0.31551124617125204
9.0 0.4008514687494496 0.5801340345896937 0.24960397254400835 0.26081453758744944
