1.0 0.1834380030632019 0.625415027141571 0.04937499761581421 0.5946840047836304
7.0 0.048125000670552254 0.5847179889678955 0.08875000104308128 0.1511629819869995
9.0 0.3815630078315735 0.5726739764213562 0.24437499046325684 0.24335503578186035
2.0 0.35093799233436584 0.8197669982910156 0.21562498807907104 0.06146204471588135
0.0 0.3700000122189522 0.3995020091533661 0.2562500089406967 0.10631197690963745
4.0 0.8262500166893005 0.4285709857940674 0.19749999046325684 0.12126201391220093
3.0 0.9334380030632019 0.6445180177688599 0.038125038146972656 0.20930194854736328
8.0 0.8315619826316833 0.6677740216255188 0.18312501907348633 0.2857140302658081
5.0 0.621874988079071 0.8185219764709473 0.2174999713897705 0.07558095455169678
6.0 0.6059380322694778 0.5764120221138 0.2631250321865082 0.400331974029541
