0.0 0.41194470188217486 0.2704374010710622 0.26343198619211317 0.15865670050729952
1.0 0.20783565827417913 0.4554299468485894 0.10310824938999014 0.588943023561556
2.0 0.36023875393338073 0.680753602833736 0.23616275171455414 0.10298844794285134
3.0 0.9462161856690403 0.5939404681063716 0.08266662165658556 0.23363083017709568
4.0 0.8569564387071533 0.3671053482050655 0.20516400601007445 0.16182172243027815
5.0 0.6268323829375619 0.7159959681905486 0.22664288124405474 0.1119256590395672
6.0 0.6356823885148496 0.48432561311398975 0.29608924847044055 0.43089396828136783
7.0 0.08095987176978059 0.4018429313280858 0.11736112274484373 0.15596174226474296
8.0 0.836482628545917 0.5951449705796231 0.19225314928106274 0.3080182730292031
9.0 0.4050295996710137 0.4421556822116207 0.25606044399352945 0.27335456842964656
