0.0 0.35117200016975403 0.43198299407958984 0.24921900033950806 0.10799598693847656
1.0 0.13632800057530403 0.6464170068502426 0.049219004809856415 0.5617859661579132
2.0 0.34531301259994507 0.837486982345581 0.2203119993209839 0.07995796203613281
3.0 0.8964840173721313 0.644340991973877 0.04609394073486328 0.23572206497192383
4.0 0.799219012260437 0.44029098749160767 0.1859380006790161 0.13707196712493896
6.0 0.590624988079071 0.5872269868850708 0.2484380006790161 0.3873310089111328
5.0 0.6054690033197403 0.8172379732131958 0.21562501788139343 0.06853604316711426
8.0 0.7851560115814209 0.6562820076942444 0.171875 0.2741429805755615
9.0 0.369922012090683 0.5934579819440842 0.22578102350234985 0.23572197556495667
7.0 0.040233999490737915 0.6230530142784119 0.07890599966049194 0.14330196380615234
