0.0 0.419063001871109 0.26162800937891006 0.2668749690055847 0.12292401492595673
1.0 0.18031199276447296 0.5016610026359558 0.045625001192092896 0.6129570007324219
2.0 0.4193749874830246 0.6877080202102661 0.23749998211860657 0.06810605525970459
3.0 0.9834370017051697 0.5170270204544067 0.03312504291534424 0.22840499877929688
5.0 0.6818749904632568 0.6852160096168518 0.23000001907348633 0.0863790512084961
6.0 0.6731250286102295 0.4389530122280121 0.2549999952316284 0.40946799516677856
7.0 0.08437500149011612 0.46262499690055847 0.11249999701976776 0.14784103631973267
8.0 0.8753129839897156 0.5215949863195419 0.16312503814697266 0.2940199673175812
9.0 0.424686998128891 0.4464290142059326 0.24187499284744263 0.24003303050994873
4.0 0.8837500214576721 0.28903698921203613 0.19749999046325684 0.14285701513290405
