1.0 0.16593700647354126 0.5024920105934143 0.050624996423721313 0.5714290142059326
7.0 0.05999999865889549 0.46802300214767456 0.10499999672174454 0.15531599521636963
0.0 0.38718800246715546 0.2790699899196625 0.25062504410743713 0.09468400478363037
9.0 0.40531298518180847 0.44435200095176697 0.2381250262260437 0.23754197359085083
2.0 0.39625002443790436 0.6868770122528076 0.21125003695487976 0.07308995723724365
6.0 0.6237499713897705 0.44102999567985535 0.24500000476837158 0.3770759701728821
4.0 0.8212500214576721 0.2894519865512848 0.17624998092651367 0.11711001396179199
3.0 0.9268749952316284 0.49252501130104065 0.03125 0.1993359923362732
8.0 0.8278120160102844 0.5120429992675781 0.16687500476837158 0.2649500370025635
5.0 0.6384369730949402 0.6540700197219849 0.19812500476837158 0.06395304203033447
