1.0 0.20461638543593186 0.6965098615574941 0.1262771095175893 0.5970482159299552
7.0 0.06604205271295732 0.6876326033981017 0.10714183455216175 0.16933507585443353
9.0 0.39284913919169107 0.5988824020595256 0.27244400555708 0.2960148046753709
2.0 0.3949529894273963 0.8492889659883274 0.22037938239130134 0.1102515516951399
0.0 0.35884954682014886 0.4310038213072919 0.2662444201761669 0.16378900597818002
4.0 0.8119739146920699 0.354423179405601 0.21033774973590702 0.16496483213297858
3.0 0.9457332361798316 0.542377349541947 0.06487637625855702 0.2149182450630555
8.0 0.8484393423865786 0.5887725863734365 0.21765424360176555 0.32360731845754953
5.0 0.6616172905010982 0.785586309926305 0.22406950515978907 0.12458863751250837
6.0 0.6143084822732006 0.5508241443877193 0.31140694302124655 0.45493404866293613
