1.0 0.14125255384711283 0.6543292156917315 0.16513268915966317 0.6406519858053006
7.0 0.05094841172896793 0.652404190249426 0.1013575519819068 0.18352158641101435
0.0 0.34124693893366326 0.33925072941695633 0.2807332664391713 0.19423128321315813
4.0 0.8099080898537022 0.20396107256391835 0.21483533632034213 0.18725304452060304
3.0 0.9552781194592643 0.3866499697168969 0.07942784378167123 0.22791339524324017
8.0 0.8536918733636993 0.4428846753561565 0.23624273217416225 0.34688716095824795
5.0 0.6817406301850994 0.662480779247824 0.22702392364002277 0.14462311110417259
2.0 0.4159655488156835 0.7756658341487224 0.23901925427421533 0.14291515032413993
9.0 0.39673552912790966 0.5108393250195024 0.29440622815601675 0.32652679265197887
6.0 0.6189557166656328 0.4320162135541611 0.3353370372294086 0.4856335852956437
