0.0 0.4499856303920914 0.41918489050703395 0.2302397031399454 0.12964467050535855
1.0 0.2608440635634527 0.6524362055081894 0.07659046747673345 0.3944609233188105
2.0 0.47144597330528015 0.7786106058663348 0.19745356768075878 0.09392737869039158
3.0 0.9398782902277532 0.5735149781999725 0.061157568845015886 0.19763003445073002
4.0 0.8420658099126795 0.39305934062290815 0.17728464053981408 0.13565491490216647
5.0 0.6962786900104652 0.7413991873326469 0.1894783477972517 0.10545842998719257
6.0 0.6649023903090897 0.547529482637335 0.2570576078967517 0.3794387625004992
7.0 0.1778982789973716 0.6268738702908168 0.10025645270125025 0.11395697915472314
8.0 0.8555339170384292 0.6001479382385893 0.17778331824407867 0.2683799175403102
9.0 0.469295192958071 0.5649140995755597 0.22306035228545684 0.2464563991370976
