0.0 0.4103130102157593 0.33970099687576294 0.2406250238418579 0.10631197690963745
1.0 0.23125001043081284 0.5278239846229553 0.04125000536441803 0.4327239990234375
2.0 0.3996869772672653 0.7242519855499268 0.20562496781349182 0.05481696128845215
3.0 0.9303119778633118 0.5830559730529785 0.03562498092651367 0.19767403602600098
4.0 0.838437020778656 0.3696010112762451 0.1793750524520874 0.11960101127624512
5.0 0.6396870017051697 0.7217609882354736 0.2018749713897705 0.07641196250915527
6.0 0.6284369826316833 0.5041529983282089 0.2418750524520874 0.3637869656085968
7.0 0.10468800365924835 0.5091360211372375 0.08437499403953552 0.10465097427368164
8.0 0.8271870017051697 0.5984219908714294 0.15687501430511475 0.24169397354125977
9.0 0.41343799233436584 0.5053989887237549 0.22812503576278687 0.20348799228668213
