0.0 0.42069042943870133 0.40653604535043214 0.28371034311532084 0.15322217043646824
1.0 0.20019332377075172 0.583247944177103 0.09703873197452947 0.6044435050353403
2.0 0.3625813464109624 0.830733047675964 0.23786908920899924 0.10231375968277867
3.0 0.9510824115359204 0.7795744197658069 0.05554101235044773 0.22253328812922635
4.0 0.8814624030860374 0.5374330417880218 0.19490654763403825 0.16033911866927586
5.0 0.6271626947622642 0.8866679014995635 0.22053671222926263 0.11789180366308083
6.0 0.6402274946410427 0.6434972709773454 0.3079983519650126 0.45363138234744194
7.0 0.06281330861079398 0.5064303921317972 0.12009198674383445 0.1488652100272304
8.0 0.8467761058701646 0.7634162613405799 0.18699344059617173 0.3078429615574275
9.0 0.40560171280018775 0.581077124020157 0.2543518528329229 0.26865180976615344
