0.0 0.4371700670405484 0.22065716547067837 0.26800376258037256 0.1533932138291536
1.0 0.22009553223829356 0.41945583564668576 0.10129969358664354 0.5888792049184135
2.0 0.3837413208931818 0.6409406322544231 0.23940920111931047 0.11256782451112635
3.0 0.9251145648232904 0.5712644204609121 0.0707059987669908 0.21476809329679736
4.0 0.8528068385334753 0.34256919065366886 0.173274910580013 0.16385719438609508
5.0 0.648427274566726 0.6775327756779246 0.22365936975590506 0.11848451062858645
6.0 0.661854167980531 0.44686779595440007 0.2945690351982536 0.43808082659270825
7.0 0.10180208938942695 0.36541838335321036 0.11778260702004777 0.13250133862154667
8.0 0.8386459961129322 0.5533855948187153 0.15371341052977605 0.29964427743086514
9.0 0.43090903032517036 0.3926914066609838 0.268595314925276 0.29618041146517093
