1.0 0.18682917891471562 0.7284288960018486 0.15400336552465355 0.5431422079963029
7.0 0.08016418313855254 0.7474893442502492 0.12092980442827163 0.18187987669513217
9.0 0.40850577035991426 0.6362702815785688 0.27312431353779487 0.3012972708309152
2.0 0.4370986271732748 0.8861973063847202 0.22429831413841528 0.12617463788608496
0.0 0.3715779833604296 0.47327676554914616 0.2661267526957187 0.17117309684618764
4.0 0.8108013090285179 0.37454938466202303 0.20161224178951942 0.16827381185936757
3.0 0.9414155233456714 0.5544484216747574 0.06573171051373194 0.2094224865822616
6.0 0.8465443591743654 0.5954385593110594 0.21506890052607042 0.3256654362228596
5.0 0.6800611290790758 0.793031430787551 0.21080454336402088 0.12817299766303925
6.0 0.6245463382938858 0.5764934383341832 0.3138043102863807 0.4494015872307469
