1.0 0.15470540263540145 0.49414538046220513 0.0918480983718441 0.5886414219533957
7.0 0.07523786312812974 0.4372448602356849 0.12449895257830007 0.18379959061635337
0.0 0.4185622932615465 0.3164809855246493 0.2618480372168613 0.1467956530768075
4.0 0.8543685715964522 0.42367759642136316 0.19579863908009787 0.1472569800058025
3.0 0.9221966797073609 0.6579023663831535 0.0512709414208824 0.2022507573704042
8.0 0.8310127187322673 0.6457717249210494 0.20281941528097225 0.2984681030623002
5.0 0.6230444482272222 0.7551036071493273 0.204947975672072 0.10224004714417456
6.0 0.6299998225230663 0.5269864863384363 0.28315586893093353 0.4320507620249563
9.0 0.4154455302702101 0.48785978041912936 0.26225811951908795 0.27581076415929373
2.0 0.3707577457204068 0.7264907491874035 0.22280613446049236 0.10479527954472379
