0.0 0.4087499976158142 0.33098000288009644 0.22874999046325684 0.09717601537704468
1.0 0.24625001102685928 0.5232559889554977 0.042500004172325134 0.5232559740543365
2.0 0.4049999862909317 0.6985049843788147 0.19874998927116394 0.05481696128845215
3.0 0.9043750166893005 0.5548170208930969 0.04250001907348633 0.18936896324157715
4.0 0.8165619969367981 0.36046499013900757 0.1731250286102295 0.10631197690963745
5.0 0.6343749761581421 0.6935219764709473 0.19000005722045898 0.066444993019104
6.0 0.6184369921684265 0.49086400866508484 0.22937500476837158 0.3471760153770447
7.0 0.11906299740076065 0.4871259778738022 0.08687500655651093 0.1154489815235138
8.0 0.8081250190734863 0.5552330017089844 0.14125001430511475 0.24169397354125977
9.0 0.4128130078315735 0.4850499927997589 0.20687496662139893 0.20265799760818481
