0.0 0.3778119906783104 0.5373749732971191 0.2668749839067459 0.10465097427368164
1.0 0.1446869969367981 0.7558140158653259 0.05562499165534973 0.4568110704421997
2.0 0.37656301259994507 0.9443519711494446 0.22062498331069946 0.06478404998779297
3.0 0.9375 0.7670270204544067 0.033750057220458984 0.20515000820159912
4.0 0.833437979221344 0.5577239841222763 0.18937504291534424 0.1154489815235138
5.0 0.6287500262260437 0.9252489805221558 0.20749998092651367 0.06312298774719238
6.0 0.6184369921684265 0.7051500082015991 0.25437498092651367 0.37209296226501465
7.0 0.04531199857592583 0.718438982963562 0.08937499672174454 0.132889986038208
8.0 0.8343750238418579 0.7612130045890808 0.16624999046325684 0.2699340581893921
9.0 0.37968799471855164 0.7113789916038513 0.2368749976158142 0.24003303050994873
