1.0 0.1742102405436927 0.48462773545431115 0.1477122095007904 0.5588077622886722
4.0 0.8331725529996784 0.5293438049077607 0.18648387595643356 0.16341491224896237
9.0 0.4078775664908547 0.5193889969407802 0.2543623208720407 0.2803369423951769
0.0 0.4277664436581688 0.35866214408570796 0.25841247701778347 0.176418677841926
2.0 0.3490875040865611 0.7404950773868989 0.21375024954595262 0.12617566605442043
3.0 0.8773845354252807 0.750459743026533 0.06693620599394323 0.19157285745533503
5.0 0.5878941845201173 0.8030358004122807 0.20145005956131368 0.1274394178133209
6.0 0.6107762535146559 0.5898218778494029 0.2921126142302286 0.4252304015245029
8.0 0.7855552270041417 0.7301628060225039 0.20406097752706953 0.30093161706090243
7.0 0.07652776417619724 0.42134644603685456 0.11875826164192152 0.169962940118024
